0 1 Car 0 0 -1.000000 -1 -1 -1 -1 1.585616 1.704180 4.357109 -0.979159 1.643705 19.055100 -0.008365 114.258028
1 1 Car 0 0 -1.000000 -1 -1 -1 -1 1.639656 1.725572 4.426285 0.402452 1.579089 19.092026 6.289210 112.341272
2 1 Car 0 0 -1.000000 -1 -1 -1 -1 1.677846 1.731175 4.446607 1.865808 1.579281 19.099063 0.011101 96.801166
2 2 Car 0 0 -1.000000 -1 -1 -1 -1 1.557190 1.653993 3.987680 -14.682116 2.064360 18.908031 0.058137 89.158780
3 1 Car 0 0 -1.000000 -1 -1 -1 -1 1.655103 1.726419 4.413450 3.315068 1.552130 19.135336 0.039065 106.932987
3 2 Car 0 0 -1.000000 -1 -1 -1 -1 1.600668 1.730267 4.425930 -13.477427 2.043459 18.903011 0.029088 142.424677
4 1 Car 0 0 -1.000000 -1 -1 -1 -1 1.685297 1.732425 4.411880 4.812043 1.529075 19.167946 0.090596 117.130881
4 2 Car 0 0 -1.000000 -1 -1 -1 -1 1.657164 1.766425 4.580337 -12.085517 2.005253 18.893538 0.015878 159.707130
5 1 Car 0 0 -1.000000 -1 -1 -1 -1 1.690444 1.731371 4.374321 6.234578 1.521736 19.210342 0.201185 129.294504
5 2 Car 0 0 -1.000000 -1 -1 -1 -1 1.741705 1.794251 4.652829 -10.650796 1.981487 18.903212 0.029255 140.231225
6 1 Car 0 0 -1.000000 -1 -1 -1 -1 1.618425 1.728332 4.454963 7.703130 1.458199 19.207992 0.438280 128.771669
6 2 Car 0 0 -1.000000 -1 -1 -1 -1 1.725897 1.767578 4.493631 -9.230970 1.913565 18.893127 0.009727 146.752458
7 2 Car 0 0 -1.000000 -1 -1 -1 -1 1.668374 1.711709 4.283330 -8.162186 1.886158 18.848628 0.014535 120.161477
7 1 Car 0 0 -1.000000 -1 -1 -1 -1 1.685786 1.698704 4.199105 9.055911 1.444230 19.232806 0.883787 107.551408
8 2 Car 0 0 -1.000000 -1 -1 -1 -1 1.718151 1.781790 4.663299 -6.478313 1.861263 18.914862 0.001509 118.800632
8 1 Car 0 0 -1.000000 -1 -1 -1 -1 1.683682 1.713030 4.365498 10.585181 1.421802 19.237219 1.798704 99.945312
9 2 Car 0 0 -1.000000 -1 -1 -1 -1 1.680076 1.757606 4.526500 -5.062410 1.783204 18.888504 0.015146 94.565519
9 1 Car 0 0 -1.000000 -1 -1 -1 -1 1.663060 1.725888 4.427749 12.056885 1.362320 19.272941 3.105261 97.671696
10 2 Car 0 0 -1.000000 -1 -1 -1 -1 1.689877 1.742990 4.447347 -3.550605 1.754462 18.873763 0.001759 122.958648
10 1 Car 0 0 -1.000000 -1 -1 -1 -1 1.637528 1.716566 4.402279 13.527879 1.334807 19.242230 3.124660 116.749555
11 2 Car 0 0 -1.000000 -1 -1 -1 -1 1.714597 1.753843 4.502621 -2.316510 1.706552 18.884222 0.010159 133.031095
11 1 Car 0 0 -1.000000 -1 -1 -1 -1 1.586982 1.644499 3.922746 14.790285 1.256735 19.242779 3.126733 81.237548
12 2 Car 0 0 -1.000000 -1 -1 -1 -1 1.676748 1.743545 4.458637 -0.835421 1.626966 18.872607 0.024377 134.458924
12 1 Car 0 0 -1.000000 -1 -1 -1 -1 1.586982 1.644499 3.922746 16.223061 1.232985 19.257368 3.126721 81.237548
13 2 Car 0 0 -1.000000 -1 -1 -1 -1 1.597714 1.728171 4.410054 0.567356 1.566326 18.881514 0.020076 137.832050
13 1 Car 0 0 -1.000000 -1 -1 -1 -1 1.586982 1.644499 3.922746 17.656487 1.205997 19.269717 3.126720 81.237548
14 2 Car 0 0 -1.000000 -1 -1 -1 -1 1.663955 1.747560 4.502318 1.899512 1.569712 18.867520 0.024320 122.739052
15 2 Car 0 0 -1.000000 -1 -1 -1 -1 1.699163 1.763686 4.553646 3.246023 1.558295 18.913361 0.011882 140.010380
16 2 Car 0 0 -1.000000 -1 -1 -1 -1 1.705074 1.768374 4.563114 4.592913 1.542581 19.006467 0.032023 130.833722
17 2 Car 0 0 -1.000000 -1 -1 -1 -1 1.754716 1.781252 4.625126 5.957388 1.527337 19.015709 0.080153 113.594125
18 2 Car 0 0 -1.000000 -1 -1 -1 -1 1.693229 1.772774 4.608319 7.377292 1.472100 19.048087 0.168089 124.541262
19 2 Car 0 0 -1.000000 -1 -1 -1 -1 1.694020 1.747093 4.487458 8.688293 1.453301 19.038152 0.361327 125.126938
20 2 Car 0 0 -1.000000 -1 -1 -1 -1 1.700708 1.752197 4.511751 10.167611 1.433045 19.095014 0.737109 124.805010
21 3 Car 0 0 -1.000000 -1 -1 -1 -1 1.805573 1.693158 3.990832 -10.128907 1.956524 12.351703 0.614054 57.841755
21 2 Car 0 0 -1.000000 -1 -1 -1 -1 1.744853 1.781373 4.622111 11.565614 1.402715 19.123956 1.490534 120.241509
22 3 Car 0 0 -1.000000 -1 -1 -1 -1 1.876486 1.718990 4.130851 -9.710388 1.932916 11.965523 0.654853 53.684426
22 2 Car 0 0 -1.000000 -1 -1 -1 -1 1.716957 1.758885 4.556540 13.013187 1.353269 19.143926 2.990522 117.817404
22 4 Car 0 0 -1.000000 -1 -1 -1 -1 1.494997 1.589054 3.611776 -13.567495 2.045153 19.237953 0.001265 29.546300
23 3 Car 0 0 -1.000000 -1 -1 -1 -1 1.873255 1.711053 4.085622 -9.245826 1.912563 11.541758 0.694152 53.385080
23 4 Car 0 0 -1.000000 -1 -1 -1 -1 1.449742 1.565380 3.517834 -11.994478 2.005069 19.257698 0.048200 80.726085
23 2 Car 0 0 -1.000000 -1 -1 -1 -1 1.691149 1.724805 4.374112 14.308155 1.310814 19.163360 3.105855 106.091184
24 3 Car 0 0 -1.000000 -1 -1 -1 -1 1.851021 1.707749 4.032543 -8.799007 1.868346 11.067482 0.712546 38.913339
24 4 Car 0 0 -1.000000 -1 -1 -1 -1 1.463554 1.561414 3.494304 -10.392829 1.959351 19.255257 0.007607 103.832222
24 2 Car 0 0 -1.000000 -1 -1 -1 -1 1.719229 1.699497 4.175532 15.585763 1.275259 19.124152 3.129039 58.554802
25 3 Car 0 0 -1.000000 -1 -1 -1 -1 1.849370 1.688551 3.904738 -8.318721 1.837809 10.517544 0.723253 39.278695
25 4 Car 0 0 -1.000000 -1 -1 -1 -1 1.475706 1.556829 3.356087 -8.842019 1.914730 19.233018 0.020540 112.078343
25 2 Car 0 0 -1.000000 -1 -1 -1 -1 1.719229 1.699497 4.175532 16.961480 1.241300 19.137308 3.129089 58.554802
26 3 Car 0 0 -1.000000 -1 -1 -1 -1 1.875712 1.692860 3.880862 -7.913631 1.844756 10.023483 0.728310 26.432611
26 4 Car 0 0 -1.000000 -1 -1 -1 -1 1.474256 1.569793 3.508706 -7.444177 1.861564 19.228587 0.004064 69.576237
26 2 Car 0 0 -1.000000 -1 -1 -1 -1 1.719229 1.699497 4.175532 18.335451 1.210424 19.149709 3.129027 58.554802
27 3 Car 0 0 -1.000000 -1 -1 -1 -1 1.874765 1.654920 3.914808 -7.538719 1.839449 9.565416 0.842944 8.501089
27 4 Car 0 0 -1.000000 -1 -1 -1 -1 1.464526 1.563288 3.496164 -5.859659 1.809755 19.225037 0.032960 74.320485
28 3 Car 0 0 -1.000000 -1 -1 -1 -1 1.865376 1.638324 3.873447 -7.170875 1.823251 9.007010 0.860857 16.859367
28 4 Car 0 0 -1.000000 -1 -1 -1 -1 1.478569 1.572996 3.543658 -4.334089 1.768717 19.244793 0.054757 82.439116
28 5 Car 0 0 -1.000000 -1 -1 -1 -1 1.482299 1.633037 4.083083 -11.669235 1.980907 16.025736 -0.047133 16.007717
29 3 Car 0 0 -1.000000 -1 -1 -1 -1 1.825500 1.625475 3.803237 -6.788715 1.829689 8.500038 0.901931 29.715789
29 5 Car 0 0 -1.000000 -1 -1 -1 -1 1.472780 1.630287 4.109893 -10.667913 1.995430 16.021925 -0.037772 57.717906
29 4 Car 0 0 -1.000000 -1 -1 -1 -1 1.495022 1.570091 3.480351 -2.839174 1.737234 19.197337 0.009147 94.122416
30 3 Car 0 0 -1.000000 -1 -1 -1 -1 1.825500 1.625475 3.803237 -6.373199 1.815744 8.003185 0.901789 29.715789
30 5 Car 0 0 -1.000000 -1 -1 -1 -1 1.460942 1.625871 4.107289 -9.555354 1.974868 16.067984 6.313729 101.803417
30 4 Car 0 0 -1.000000 -1 -1 -1 -1 1.460683 1.560795 3.475962 -1.314851 1.679123 19.207897 0.008031 105.898760
31 3 Car 0 0 -1.000000 -1 -1 -1 -1 1.825500 1.625475 3.803237 -5.956217 1.803269 7.509148 0.901783 29.715789
31 5 Car 0 0 -1.000000 -1 -1 -1 -1 1.478763 1.625243 4.098966 -8.477133 1.957258 16.075454 0.004665 120.940063
31 4 Car 0 0 -1.000000 -1 -1 -1 -1 1.440427 1.561794 3.523694 0.159805 1.605388 19.217270 0.023226 94.345679
32 3 Car 0 0 -1.000000 -1 -1 -1 -1 1.825500 1.625475 3.803237 -5.540689 1.789875 7.012878 0.901669 29.715789
32 5 Car 0 0 -1.000000 -1 -1 -1 -1 1.448361 1.620075 4.152658 -7.535501 1.910463 16.073906 0.027427 101.217762
32 4 Car 0 0 -1.000000 -1 -1 -1 -1 1.489792 1.562915 3.418557 1.581691 1.632598 19.206629 0.016188 99.772683
33 5 Car 0 0 -1.000000 -1 -1 -1 -1 1.493574 1.569935 3.531608 -6.641257 1.887402 16.076136 0.006971 87.649011
33 4 Car 0 0 -1.000000 -1 -1 -1 -1 1.477186 1.566916 3.451481 3.111175 1.553119 19.240898 0.003604 96.671104
34 3 Car 0 0 -1.000000 -1 -1 -1 -1 1.825500 1.625475 3.803237 -4.714221 1.762542 6.021622 0.901717 29.715789
34 5 Car 0 0 -1.000000 -1 -1 -1 -1 1.497020 1.636015 4.109196 -5.198858 1.847753 16.113602 0.011394 85.611745
34 4 Car 0 0 -1.000000 -1 -1 -1 -1 1.469643 1.563910 3.400719 4.558864 1.513415 19.223980 0.000424 95.090577
35 5 Car 0 0 -1.000000 -1 -1 -1 -1 1.489698 1.625823 4.049784 -3.921118 1.802390 16.128051 0.036896 93.983442
35 4 Car 0 0 -1.000000 -1 -1 -1 -1 1.482882 1.577967 3.474673 6.009459 1.513823 19.251072 0.007927 106.482378
36 5 Car 0 0 -1.000000 -1 -1 -1 -1 1.516984 1.643377 4.128021 -2.812677 1.798450 16.149001 0.005536 108.442509
36 4 Car 0 0 -1.000000 -1 -1 -1 -1 1.501794 1.573046 3.405224 7.535045 1.472118 19.223962 0.029097 92.577491
37 5 Car 0 0 -1.000000 -1 -1 -1 -1 1.466693 1.646511 4.241149 -1.663441 1.724466 16.163440 0.004771 111.034690
37 4 Car 0 0 -1.000000 -1 -1 -1 -1 1.480028 1.568204 3.411573 8.939436 1.457643 19.269726 0.087662 97.922194
38 5 Car 0 0 -1.000000 -1 -1 -1 -1 1.459025 1.641727 4.267931 -0.568915 1.691504 16.155978 0.023295 127.008093
38 4 Car 0 0 -1.000000 -1 -1 -1 -1 1.491385 1.577389 3.452323 10.376467 1.405297 19.265071 0.006189 97.612486
39 5 Car 0 0 -1.000000 -1 -1 -1 -1 1.440321 1.631046 4.196286 0.617542 1.603853 16.163022 0.021747 124.658140
39 4 Car 0 0 -1.000000 -1 -1 -1 -1 1.494995 1.563636 3.394473 11.830518 1.373565 19.275018 0.021743 76.468524
40 5 Car 0 0 -1.000000 -1 -1 -1 -1 1.468318 1.629992 4.118565 1.883388 1.594717 16.207327 0.068146 127.944744
40 4 Car 0 0 -1.000000 -1 -1 -1 -1 1.475468 1.578839 3.559015 13.357174 1.319556 19.280593 0.051258 71.372884
40 6 Car 0 0 -1.000000 -1 -1 -1 -1 1.555567 1.628865 3.755860 -14.997592 2.091070 19.204557 0.036997 78.946893
41 5 Car 0 0 -1.000000 -1 -1 -1 -1 1.477427 1.640662 4.151673 3.084319 1.592429 16.243047 0.167873 130.049343
41 6 Car 0 0 -1.000000 -1 -1 -1 -1 1.550470 1.668151 4.157428 -13.896569 2.060543 19.197319 0.035973 119.659704
41 4 Car 0 0 -1.000000 -1 -1 -1 -1 1.498057 1.569044 3.432733 14.748402 1.318241 19.297528 0.129871 84.173257
42 5 Car 0 0 -1.000000 -1 -1 -1 -1 1.461193 1.618288 4.078473 4.302886 1.577255 16.254002 0.371647 145.400722
42 6 Car 0 0 -1.000000 -1 -1 -1 -1 1.535993 1.672824 4.217438 -12.757806 2.015379 19.191023 0.036769 128.131165
42 4 Car 0 0 -1.000000 -1 -1 -1 -1 1.498057 1.569044 3.432733 16.226619 1.288544 19.300516 0.129911 84.173257
43 5 Car 0 0 -1.000000 -1 -1 -1 -1 1.469523 1.617664 4.030262 5.482641 1.554031 16.259657 0.776765 128.476600
43 6 Car 0 0 -1.000000 -1 -1 -1 -1 1.610750 1.697041 4.294237 -11.490371 2.004463 19.180903 0.020270 133.092550
43 4 Car 0 0 -1.000000 -1 -1 -1 -1 1.498057 1.569044 3.432733 17.702694 1.255661 19.302755 0.129862 84.173257
44 5 Car 0 0 -1.000000 -1 -1 -1 -1 1.486898 1.635735 4.140413 6.794952 1.538107 16.306366 1.576120 129.088496
44 6 Car 0 0 -1.000000 -1 -1 -1 -1 1.656833 1.697252 4.243838 -10.293169 1.940818 19.183991 0.051904 143.141156
45 5 Car 0 0 -1.000000 -1 -1 -1 -1 1.502671 1.632669 4.019120 8.040978 1.508137 16.337472 3.094364 112.090706
45 6 Car 0 0 -1.000000 -1 -1 -1 -1 1.640906 1.709738 4.269348 -9.055611 1.903599 19.199043 0.017560 148.899220
46 5 Car 0 0 -1.000000 -1 -1 -1 -1 1.478160 1.607116 3.906348 9.288165 1.473483 16.361224 3.104159 116.809766
46 6 Car 0 0 -1.000000 -1 -1 -1 -1 1.606675 1.643608 3.817346 -8.070686 1.846510 19.167371 0.036256 119.562006
47 5 Car 0 0 -1.000000 -1 -1 -1 -1 1.489269 1.622718 4.050565 10.582057 1.438013 16.371517 3.124164 95.097279
47 6 Car 0 0 -1.000000 -1 -1 -1 -1 1.570381 1.697536 4.307420 -6.612230 1.798176 19.212654 0.011802 96.304358
48 6 Car 0 0 -1.000000 -1 -1 -1 -1 1.542886 1.635850 3.952546 -5.544572 1.752537 19.177647 0.002766 94.480234
48 5 Car 0 0 -1.000000 -1 -1 -1 -1 1.496097 1.635356 4.089990 11.938821 1.425709 16.417198 3.120474 100.532642
49 6 Car 0 0 -1.000000 -1 -1 -1 -1 1.594495 1.687269 4.202336 -4.114714 1.734294 19.250879 0.008686 113.598965
49 5 Car 0 0 -1.000000 -1 -1 -1 -1 1.471054 1.579895 3.668319 13.038631 1.399963 16.418790 3.124247 77.302517
50 6 Car 0 0 -1.000000 -1 -1 -1 -1 1.634074 1.686279 4.190962 -2.813338 1.726949 19.213163 0.032047 143.577956
50 5 Car 0 0 -1.000000 -1 -1 -1 -1 1.471054 1.579895 3.668319 14.245436 1.375236 16.438587 3.124322 77.302517
51 6 Car 0 0 -1.000000 -1 -1 -1 -1 1.625743 1.679840 4.152524 -1.466389 1.663029 19.225711 0.069436 136.245384
51 5 Car 0 0 -1.000000 -1 -1 -1 -1 1.471054 1.579895 3.668319 15.452099 1.351840 16.463681 3.124206 77.302517
52 6 Car 0 0 -1.000000 -1 -1 -1 -1 1.632655 1.686696 4.224141 -0.222922 1.619383 19.227538 0.154994 133.951897
53 6 Car 0 0 -1.000000 -1 -1 -1 -1 1.640305 1.705561 4.271963 1.064240 1.583462 19.272236 0.315520 123.472867
54 6 Car 0 0 -1.000000 -1 -1 -1 -1 1.669022 1.711954 4.297172 2.387473 1.589004 19.272750 0.629951 128.727629
55 6 Car 0 0 -1.000000 -1 -1 -1 -1 1.679982 1.708941 4.270100 3.732649 1.557122 19.311526 1.262980 137.690932
56 6 Car 0 0 -1.000000 -1 -1 -1 -1 1.661723 1.705375 4.270774 5.058075 1.521076 19.339188 2.533255 130.131604
57 6 Car 0 0 -1.000000 -1 -1 -1 -1 1.670170 1.683924 4.126972 6.355476 1.497394 19.359910 3.111017 112.859973
58 6 Car 0 0 -1.000000 -1 -1 -1 -1 1.662512 1.697628 4.241794 7.687068 1.470228 19.393161 3.107499 113.844490
59 6 Car 0 0 -1.000000 -1 -1 -1 -1 1.653882 1.703158 4.269461 9.060923 1.434553 19.452656 3.105916 107.238460
60 6 Car 0 0 -1.000000 -1 -1 -1 -1 1.644439 1.701730 4.276977 10.417927 1.418771 19.473718 3.124312 102.230108
61 6 Car 0 0 -1.000000 -1 -1 -1 -1 1.686312 1.708584 4.289467 11.808999 1.379783 19.514189 3.115573 97.069232
62 6 Car 0 0 -1.000000 -1 -1 -1 -1 1.656291 1.679818 4.131303 13.159577 1.329728 19.523460 3.110008 102.324358
63 6 Car 0 0 -1.000000 -1 -1 -1 -1 1.641472 1.710696 4.342948 14.566124 1.276721 19.570593 3.115761 101.797828
64 6 Car 0 0 -1.000000 -1 -1 -1 -1 1.663045 1.705728 4.317953 15.935633 1.276416 19.575266 3.125147 74.230496
65 6 Car 0 0 -1.000000 -1 -1 -1 -1 1.663045 1.705728 4.317953 15.934607 1.285354 19.577086 3.125064 74.230496
87 7 Car 0 0 -1.000000 -1 -1 -1 -1 1.478134 1.596256 3.784147 27.266008 0.971533 34.800560 1.600620 1.777533
88 7 Car 0 0 -1.000000 -1 -1 -1 -1 1.543471 1.653634 4.156857 27.321285 0.978067 33.766446 0.155534 11.315740
89 7 Car 0 0 -1.000000 -1 -1 -1 -1 1.603487 1.712548 4.414661 25.836580 1.026367 33.976072 0.057712 28.498076
90 7 Car 0 0 -1.000000 -1 -1 -1 -1 1.562528 1.653967 4.027929 24.119209 1.009486 34.121384 0.063852 15.031485
91 7 Car 0 0 -1.000000 -1 -1 -1 -1 1.615536 1.733152 4.491087 22.663013 1.085136 34.167114 0.163380 17.312242
92 7 Car 0 0 -1.000000 -1 -1 -1 -1 1.553462 1.668513 4.198511 21.348696 1.242766 34.249135 0.061837 14.129342
93 7 Car 0 0 -1.000000 -1 -1 -1 -1 1.560166 1.714427 4.468207 19.735543 1.208928 34.382835 0.029671 27.259645
94 7 Car 0 0 -1.000000 -1 -1 -1 -1 1.534744 1.648183 4.088594 18.106566 1.256783 34.524005 0.124660 27.955963
95 7 Car 0 0 -1.000000 -1 -1 -1 -1 1.530544 1.678514 4.321839 16.758656 1.312772 34.518038 0.002766 28.379409
96 7 Car 0 0 -1.000000 -1 -1 -1 -1 1.552081 1.654948 4.148047 15.249718 1.412671 34.539803 0.054387 16.970820
97 7 Car 0 0 -1.000000 -1 -1 -1 -1 1.561517 1.705935 4.434068 13.747751 1.456897 34.603003 0.031477 28.449356
98 7 Car 0 0 -1.000000 -1 -1 -1 -1 1.587433 1.724154 4.441681 12.269217 1.486062 34.695364 0.081011 35.476783
99 7 Car 0 0 -1.000000 -1 -1 -1 -1 1.631926 1.736036 4.489549 10.817902 1.556802 34.712703 0.182611 31.964560
100 7 Car 0 0 -1.000000 -1 -1 -1 -1 1.528544 1.671574 4.251813 9.268429 1.639392 34.719532 0.387886 40.999103
101 7 Car 0 0 -1.000000 -1 -1 -1 -1 1.507206 1.698907 4.412390 7.758764 1.645107 34.742078 0.779762 48.606324
102 7 Car 0 0 -1.000000 -1 -1 -1 -1 1.493898 1.739689 4.615695 6.174426 1.714765 34.774276 1.556499 44.677555
103 7 Car 0 0 -1.000000 -1 -1 -1 -1 1.457251 1.679966 4.405356 4.716333 1.805577 34.739019 3.101753 44.015616
104 7 Car 0 0 -1.000000 -1 -1 -1 -1 1.537764 1.670524 4.259607 3.305557 1.860799 34.698250 3.130492 53.412234
105 7 Car 0 0 -1.000000 -1 -1 -1 -1 1.506889 1.711434 4.501891 1.700700 1.894247 34.770970 3.107380 69.761358
106 7 Car 0 0 -1.000000 -1 -1 -1 -1 1.619257 1.757946 4.643568 0.090648 1.941248 34.733152 3.137719 39.906946
107 7 Car 0 0 -1.000000 -1 -1 -1 -1 1.629350 1.705431 4.338659 -1.356860 2.059364 34.708456 3.149253 44.261944
108 7 Car 0 0 -1.000000 -1 -1 -1 -1 1.496578 1.671770 4.356263 -2.840664 2.133067 34.633433 3.092301 45.061313
109 7 Car 0 0 -1.000000 -1 -1 -1 -1 1.536163 1.641187 4.001363 -4.149210 2.159795 34.654529 3.121491 48.797579
110 7 Car 0 0 -1.000000 -1 -1 -1 -1 1.465749 1.670750 4.281628 -5.800960 2.208180 34.683837 3.173314 23.158428
111 7 Car 0 0 -1.000000 -1 -1 -1 -1 1.530421 1.647482 4.072311 -7.359087 2.315378 34.688142 3.180289 24.959779
112 7 Car 0 0 -1.000000 -1 -1 -1 -1 1.473327 1.608632 3.880147 -8.596058 2.416873 34.764352 3.205112 5.650665
113 7 Car 0 0 -1.000000 -1 -1 -1 -1 1.502497 1.642356 4.185247 -10.426078 2.338011 34.562079 3.124825 17.030747
114 7 Car 0 0 -1.000000 -1 -1 -1 -1 1.544040 1.640036 4.033162 -11.967423 2.544429 34.679941 2.973204 9.041984
115 7 Car 0 0 -1.000000 -1 -1 -1 -1 1.568649 1.667335 4.176318 -13.658566 2.586266 34.488219 3.092302 15.688830
116 7 Car 0 0 -1.000000 -1 -1 -1 -1 1.561599 1.659737 4.106995 -14.919801 2.548654 34.582192 3.167423 21.560688
117 7 Car 0 0 -1.000000 -1 -1 -1 -1 1.548683 1.686639 4.305358 -16.604046 2.665280 34.562986 3.119601 21.096971
118 7 Car 0 0 -1.000000 -1 -1 -1 -1 1.555405 1.657039 4.044522 -18.230481 2.744882 34.537005 3.142797 13.982099
119 7 Car 0 0 -1.000000 -1 -1 -1 -1 1.576630 1.694629 4.314008 -19.656351 2.741665 34.457642 3.096440 19.517323
120 7 Car 0 0 -1.000000 -1 -1 -1 -1 1.579653 1.692737 4.293980 -21.341491 2.837379 34.452926 3.079309 21.974769
121 7 Car 0 0 -1.000000 -1 -1 -1 -1 1.521786 1.677658 4.295058 -22.833026 2.806849 34.387786 3.126198 15.770858
122 7 Car 0 0 -1.000000 -1 -1 -1 -1 1.543713 1.687680 4.352753 -24.407082 2.844007 34.440750 3.161170 13.128955
123 7 Car 0 0 -1.000000 -1 -1 -1 -1 1.577181 1.684054 4.235164 -25.861608 2.899106 34.508236 3.135391 10.624887
124 7 Car 0 0 -1.000000 -1 -1 -1 -1 1.565851 1.693849 4.271790 -27.255667 2.956978 34.546035 3.156023 12.530611
125 7 Car 0 0 -1.000000 -1 -1 -1 -1 1.565851 1.693849 4.271790 -27.256454 2.957813 34.544337 3.155988 12.530611
