0 3 Car 0 0 -1.000000 -1 -1 -1 -1 1.397037 1.569078 3.594027 -4.126810 1.837357 13.689825 1.507899 101.982530
0 1 Car 0 0 -1.000000 -1 -1 -1 -1 1.952956 1.631166 3.987632 -4.561294 1.740815 21.177883 0.910599 16.788588
0 2 Car 0 0 -1.000000 -1 -1 -1 -1 1.403131 1.628285 4.057189 -7.563496 2.097556 48.449944 1.631803 16.129996
1 7 Car 0 0 -1.000000 -1 -1 -1 -1 1.378442 1.563195 3.640671 -4.119923 1.787664 13.062933 1.524655 112.277180
1 5 Car 0 0 -1.000000 -1 -1 -1 -1 1.937350 1.623579 4.119438 -4.562132 1.673217 20.400180 0.907103 2.620059
1 4 Car 0 0 -1.000000 -1 -1 -1 -1 1.401131 1.588962 4.076476 15.167225 1.168259 32.967820 1.666173 1.066916
1 6 Car 0 0 -1.000000 -1 -1 -1 -1 1.387128 1.590045 3.959868 -7.583221 1.835244 47.350346 1.636562 1.214026
2 7 Car 0 0 -1.000000 -1 -1 -1 -1 1.375078 1.575279 3.650658 -4.138348 1.765340 12.379600 1.521695 121.265538
2 5 Car 0 0 -1.000000 -1 -1 -1 -1 1.919737 1.606953 4.054299 -4.453957 1.657495 19.592808 0.923677 16.335026
2 4 Car 0 0 -1.000000 -1 -1 -1 -1 1.457632 1.596478 3.723436 15.204309 1.150149 32.180653 1.698249 1.701531
2 6 Car 0 0 -1.000000 -1 -1 -1 -1 1.401351 1.626908 4.095037 -7.622819 1.888048 46.353443 1.642693 1.126993
3 7 Car 0 0 -1.000000 -1 -1 -1 -1 1.395188 1.570232 3.595844 -4.161473 1.747130 11.683482 1.515489 121.841343
3 5 Car 0 0 -1.000000 -1 -1 -1 -1 2.000215 1.591389 4.051636 -4.396315 1.629213 18.850165 0.955015 4.945989
3 4 Car 0 0 -1.000000 -1 -1 -1 -1 1.466552 1.575594 3.735843 15.206584 1.122660 31.402382 1.687930 1.894639
3 6 Car 0 0 -1.000000 -1 -1 -1 -1 1.438744 1.643824 4.106948 -7.595723 1.833455 45.398102 1.637419 1.404089
4 7 Car 0 0 -1.000000 -1 -1 -1 -1 1.389721 1.562639 3.567627 -4.117493 1.739667 10.983462 1.527560 126.484944
4 5 Car 0 0 -1.000000 -1 -1 -1 -1 1.901078 1.609830 4.007393 -4.291307 1.639903 18.068352 0.964650 14.569722
4 4 Car 0 0 -1.000000 -1 -1 -1 -1 1.471898 1.639668 3.867839 15.276348 1.096830 30.794431 1.692237 2.229582
4 6 Car 0 0 -1.000000 -1 -1 -1 -1 1.377308 1.649265 4.236636 -7.617926 1.818974 44.416395 1.625090 25.084144
5 7 Car 0 0 -1.000000 -1 -1 -1 -1 1.389137 1.558951 3.662418 -4.087863 1.732814 10.404740 1.541444 121.203586
5 5 Car 0 0 -1.000000 -1 -1 -1 -1 1.937938 1.640542 4.155066 -4.266668 1.632192 17.406226 0.961845 8.246440
5 4 Car 0 0 -1.000000 -1 -1 -1 -1 1.438245 1.614429 3.739470 15.273908 1.133197 30.084807 1.688841 2.135196
5 6 Car 0 0 -1.000000 -1 -1 -1 -1 1.386781 1.662588 4.186394 -7.592507 1.777416 43.382006 1.623641 22.398834
6 7 Car 0 0 -1.000000 -1 -1 -1 -1 1.394965 1.564567 3.559940 -4.060285 1.724725 9.682187 1.534740 126.855799
6 5 Car 0 0 -1.000000 -1 -1 -1 -1 1.899456 1.637725 4.128694 -4.173905 1.618735 16.635567 0.977677 37.430065
6 4 Car 0 0 -1.000000 -1 -1 -1 -1 1.466450 1.635509 3.713641 15.310714 1.102230 29.338402 1.705866 1.929377
6 8 Car 0 0 -1.000000 -1 -1 -1 -1 1.560533 1.635093 3.595937 17.553679 1.076180 29.249023 1.760567 17.117482
6 6 Car 0 0 -1.000000 -1 -1 -1 -1 1.405032 1.691078 4.106491 -7.564817 1.778648 42.427219 1.602639 27.216355
7 7 Car 0 0 -1.000000 -1 -1 -1 -1 1.394019 1.559897 3.572231 -4.049171 1.705834 9.019084 1.535570 126.765183
7 5 Car 0 0 -1.000000 -1 -1 -1 -1 1.899456 1.637725 4.128694 -4.087668 1.617262 15.894676 0.979286 37.430065
7 4 Car 0 0 -1.000000 -1 -1 -1 -1 1.470129 1.619237 3.629862 15.414761 1.056032 28.595429 1.699089 1.787022
7 8 Car 0 0 -1.000000 -1 -1 -1 -1 1.621772 1.657496 3.540726 17.594582 0.984429 28.546180 1.752827 22.530789
7 6 Car 0 0 -1.000000 -1 -1 -1 -1 1.398174 1.649877 3.922078 -7.465228 1.682259 41.305566 1.678678 47.230003
7 9 Car 0 0 -1.000000 -1 -1 -1 -1 1.532795 1.595420 4.020308 -8.194942 1.653340 57.433620 1.520568 4.582048
8 7 Car 0 0 -1.000000 -1 -1 -1 -1 1.405255 1.546598 3.526500 -4.020300 1.713834 8.339204 1.538548 146.555863
8 5 Car 0 0 -1.000000 -1 -1 -1 -1 1.899456 1.637725 4.128694 -4.003619 1.588493 15.163775 0.980639 37.430065
8 4 Car 0 0 -1.000000 -1 -1 -1 -1 1.481063 1.585844 3.598154 15.415559 1.013771 27.904855 1.685765 1.575827
8 8 Car 0 0 -1.000000 -1 -1 -1 -1 1.607477 1.691102 3.448726 17.534603 0.900749 27.797138 1.738342 18.901056
8 6 Car 0 0 -1.000000 -1 -1 -1 -1 1.438211 1.656562 3.895095 -7.451894 1.573891 40.365530 1.643296 56.421032
8 9 Car 0 0 -1.000000 -1 -1 -1 -1 1.481896 1.592753 3.774172 -8.261136 1.599275 56.652195 1.566574 0.928514
9 7 Car 0 0 -1.000000 -1 -1 -1 -1 1.412177 1.553538 3.608763 -4.030562 1.697866 7.766312 1.529905 142.503034
9 5 Car 0 0 -1.000000 -1 -1 -1 -1 1.914744 1.629764 4.222578 -4.030495 1.549628 14.522918 1.002191 0.902043
9 4 Car 0 0 -1.000000 -1 -1 -1 -1 1.445710 1.572617 3.713676 15.501741 0.994666 27.289735 1.704778 46.516711
9 8 Car 0 0 -1.000000 -1 -1 -1 -1 1.573020 1.653001 3.577358 17.659554 0.850354 27.225891 1.750510 27.273188
9 6 Car 0 0 -1.000000 -1 -1 -1 -1 1.436043 1.646479 3.881075 -7.375015 1.517839 39.423088 1.640957 46.203743
9 9 Car 0 0 -1.000000 -1 -1 -1 -1 1.468407 1.597551 3.925750 -8.238294 1.406587 56.062156 1.545539 4.685418
10 7 Car 0 0 -1.000000 -1 -1 -1 -1 1.399207 1.532898 3.557853 -3.985173 1.673665 7.113821 1.540446 135.024653
10 5 Car 0 0 -1.000000 -1 -1 -1 -1 1.933434 1.612212 4.162385 -3.951309 1.541568 13.820616 1.019773 0.280876
10 4 Car 0 0 -1.000000 -1 -1 -1 -1 1.427539 1.563870 3.701190 15.492676 0.994085 26.632353 1.714060 55.449233
10 8 Car 0 0 -1.000000 -1 -1 -1 -1 1.521164 1.645842 3.670114 17.727201 0.901905 26.594582 1.724730 28.367159
10 10 Car 0 0 -1.000000 -1 -1 -1 -1 1.397141 1.611248 3.897371 19.970825 1.021891 26.039677 1.640898 0.610876
10 6 Car 0 0 -1.000000 -1 -1 -1 -1 1.432871 1.669491 3.913841 -7.343095 1.493810 38.469866 1.642817 39.128766
10 9 Car 0 0 -1.000000 -1 -1 -1 -1 1.474452 1.584290 3.912998 -8.187683 1.413831 55.395261 1.536016 3.908773
11 7 Car 0 0 -1.000000 -1 -1 -1 -1 1.392183 1.520032 3.448889 -3.936404 1.665783 6.500302 1.544267 119.998096
11 5 Car 0 0 -1.000000 -1 -1 -1 -1 1.892149 1.608505 4.090250 -3.913828 1.548775 13.075899 1.029308 9.785940
11 11 Car 0 0 -1.000000 -1 -1 -1 -1 1.486967 1.556957 3.517332 -6.532819 1.251217 24.605576 1.346345 0.040713
11 4 Car 0 0 -1.000000 -1 -1 -1 -1 1.475752 1.612882 3.690976 15.582999 0.998498 25.969138 1.707590 57.303699
11 8 Car 0 0 -1.000000 -1 -1 -1 -1 1.481164 1.614565 3.424488 17.786929 0.913164 25.744105 1.706429 16.751365
11 10 Car 0 0 -1.000000 -1 -1 -1 -1 1.440974 1.622148 3.936358 20.161533 1.069721 25.275629 1.567135 20.011130
11 6 Car 0 0 -1.000000 -1 -1 -1 -1 1.412391 1.668381 3.920658 -7.270484 1.491595 37.532560 1.643144 42.290371
11 9 Car 0 0 -1.000000 -1 -1 -1 -1 1.456354 1.594409 3.857621 -8.129092 1.413022 54.804686 1.537449 4.492154
12 7 Car 0 0 -1.000000 -1 -1 -1 -1 1.392183 1.520032 3.448889 -3.912983 1.667112 5.887331 1.545962 119.998096
12 5 Car 0 0 -1.000000 -1 -1 -1 -1 1.901519 1.636213 4.212088 -3.915646 1.539272 12.497880 1.028128 20.418250
12 4 Car 0 0 -1.000000 -1 -1 -1 -1 1.463665 1.605912 3.739761 15.670883 1.032338 25.327825 1.710259 62.539521
12 8 Car 0 0 -1.000000 -1 -1 -1 -1 1.528695 1.640959 3.271104 17.785389 0.977954 25.072842 1.755538 25.751289
12 10 Car 0 0 -1.000000 -1 -1 -1 -1 1.415485 1.664401 4.016440 20.248242 1.045155 24.653347 1.605886 8.752415
12 6 Car 0 0 -1.000000 -1 -1 -1 -1 1.402401 1.687631 3.851017 -7.305214 1.493779 36.556859 1.660411 51.024532
12 9 Car 0 0 -1.000000 -1 -1 -1 -1 1.486782 1.607700 4.004188 -7.968763 1.502816 54.227437 1.596103 9.615287
13 7 Car 0 0 -1.000000 -1 -1 -1 -1 1.392183 1.520032 3.448889 -3.892580 1.674549 5.291216 1.547410 119.998096
13 5 Car 0 0 -1.000000 -1 -1 -1 -1 1.888502 1.629569 4.185024 -3.849011 1.552106 11.865028 1.048429 31.968890
13 11 Car 0 0 -1.000000 -1 -1 -1 -1 1.473235 1.630088 3.907732 -6.364695 1.315315 22.064959 1.400048 0.193019
13 4 Car 0 0 -1.000000 -1 -1 -1 -1 1.451685 1.591816 3.730521 15.632515 1.065857 24.693124 1.708927 66.104458
13 8 Car 0 0 -1.000000 -1 -1 -1 -1 1.574177 1.681189 3.520923 17.858372 1.065151 24.534326 1.745183 15.751320
13 10 Car 0 0 -1.000000 -1 -1 -1 -1 1.395543 1.654922 4.065350 20.329821 1.079850 24.143671 1.623845 15.674613
13 6 Car 0 0 -1.000000 -1 -1 -1 -1 1.417227 1.705384 4.040374 -7.225914 1.547166 35.749060 1.629145 70.208107
13 9 Car 0 0 -1.000000 -1 -1 -1 -1 1.501070 1.590172 3.935543 -7.964624 1.567926 53.642834 1.545430 16.258364
14 7 Car 0 0 -1.000000 -1 -1 -1 -1 1.392183 1.520032 3.448889 -3.879067 1.679777 4.698885 1.548478 119.998096
14 5 Car 0 0 -1.000000 -1 -1 -1 -1 1.897670 1.645755 4.187608 -3.861086 1.540299 11.241953 1.025371 58.642179
14 11 Car 0 0 -1.000000 -1 -1 -1 -1 1.410432 1.621558 3.868646 -6.378605 1.299738 21.758833 1.344475 0.227732
14 4 Car 0 0 -1.000000 -1 -1 -1 -1 1.468853 1.609881 3.727162 15.687850 1.077130 24.080666 1.706798 52.396387
14 8 Car 0 0 -1.000000 -1 -1 -1 -1 1.568023 1.669047 3.727706 17.917540 1.023162 24.084539 1.733571 25.660437
14 10 Car 0 0 -1.000000 -1 -1 -1 -1 1.395543 1.654922 4.065350 20.401422 1.111251 23.594733 1.624913 15.674613
14 6 Car 0 0 -1.000000 -1 -1 -1 -1 1.432438 1.681060 4.066782 -7.209840 1.574358 34.894844 1.627575 58.171076
14 9 Car 0 0 -1.000000 -1 -1 -1 -1 1.500369 1.586007 4.029022 -8.016460 1.594844 53.118939 1.579450 11.505225
15 7 Car 0 0 -1.000000 -1 -1 -1 -1 1.392183 1.520032 3.448889 -3.862176 1.682391 4.116534 1.548853 119.998096
15 5 Car 0 0 -1.000000 -1 -1 -1 -1 1.846301 1.665652 4.272908 -3.862713 1.489702 10.682521 1.049245 66.855166
15 11 Car 0 0 -1.000000 -1 -1 -1 -1 1.419720 1.597480 3.846312 -6.351729 1.343123 21.039957 1.354245 0.188597
15 4 Car 0 0 -1.000000 -1 -1 -1 -1 1.484941 1.614086 3.761275 15.685294 1.064241 23.568878 1.715666 55.561139
15 8 Car 0 0 -1.000000 -1 -1 -1 -1 1.525818 1.665266 3.649708 17.870344 1.010305 23.452960 1.771919 28.177878
15 6 Car 0 0 -1.000000 -1 -1 -1 -1 1.403882 1.656501 3.888765 -7.226946 1.536303 33.956500 1.634363 45.907458
15 9 Car 0 0 -1.000000 -1 -1 -1 -1 1.467848 1.580070 3.992639 -8.049846 1.561075 52.442296 1.557923 4.233852
16 7 Car 0 0 -1.000000 -1 -1 -1 -1 1.392183 1.520032 3.448889 -3.851435 1.686946 3.550044 1.549360 119.998096
16 5 Car 0 0 -1.000000 -1 -1 -1 -1 1.862282 1.673437 4.359773 -3.893991 1.488026 10.111941 1.046354 69.539808
16 11 Car 0 0 -1.000000 -1 -1 -1 -1 1.442424 1.597466 4.067844 -6.342824 1.346449 20.599104 1.364171 31.224616
16 4 Car 0 0 -1.000000 -1 -1 -1 -1 1.489119 1.606291 3.855968 15.685843 1.113387 23.009613 1.722478 69.862108
16 8 Car 0 0 -1.000000 -1 -1 -1 -1 1.570017 1.666287 3.256463 17.855067 1.039240 22.702447 1.767433 33.668689
16 6 Car 0 0 -1.000000 -1 -1 -1 -1 1.429626 1.719741 4.151608 -7.239744 1.574844 33.189319 1.627501 61.261606
16 9 Car 0 0 -1.000000 -1 -1 -1 -1 1.479012 1.608849 4.219157 -7.912763 1.557876 51.897980 1.614541 3.494777
17 7 Car 0 0 -1.000000 -1 -1 -1 -1 1.392183 1.520032 3.448889 -3.836742 1.690969 2.994118 1.549313 119.998096
17 5 Car 0 0 -1.000000 -1 -1 -1 -1 1.814023 1.656559 4.286508 -3.857087 1.482250 9.569330 1.062873 85.417646
17 11 Car 0 0 -1.000000 -1 -1 -1 -1 1.462180 1.618610 4.179245 -6.315162 1.354422 20.022570 1.392796 45.342069
17 12 Pedestrian 0 0 -1.000000 -1 -1 -1 -1 1.804983 0.699132 0.864787 16.782810 1.076564 21.103035 1.664807 0.038348
17 4 Car 0 0 -1.000000 -1 -1 -1 -1 1.487522 1.611027 3.898371 15.729141 1.099941 22.478731 1.717345 77.530061
17 8 Car 0 0 -1.000000 -1 -1 -1 -1 1.619865 1.648567 3.206750 17.730466 1.063883 22.195885 1.775826 31.977837
17 6 Car 0 0 -1.000000 -1 -1 -1 -1 1.394961 1.696336 4.005967 -7.177724 1.617836 32.303889 1.624629 66.331642
17 9 Car 0 0 -1.000000 -1 -1 -1 -1 1.539770 1.618691 4.100456 -7.953294 1.586196 51.394876 1.523724 12.584716
18 5 Car 0 0 -1.000000 -1 -1 -1 -1 1.870503 1.661114 4.262162 -3.824464 1.513781 9.056233 1.068603 95.432317
18 11 Car 0 0 -1.000000 -1 -1 -1 -1 1.481064 1.619416 4.174982 -6.308279 1.365647 19.465635 1.356225 48.748966
18 12 Pedestrian 0 0 -1.000000 -1 -1 -1 -1 1.840463 0.679739 0.815680 16.790045 1.107521 20.486857 1.665829 0.762683
18 4 Car 0 0 -1.000000 -1 -1 -1 -1 1.493911 1.599202 3.876678 15.698571 1.091048 21.949567 1.718920 83.605161
18 8 Car 0 0 -1.000000 -1 -1 -1 -1 1.632720 1.587893 2.987480 17.553520 1.031995 21.549063 1.750534 11.813032
18 6 Car 0 0 -1.000000 -1 -1 -1 -1 1.403343 1.677004 3.878682 -7.212375 1.600435 31.503447 1.622716 63.959094
18 9 Car 0 0 -1.000000 -1 -1 -1 -1 1.516119 1.587117 3.700692 -7.892737 1.547898 50.807636 1.507716 5.857463
19 5 Car 0 0 -1.000000 -1 -1 -1 -1 1.848234 1.730001 4.336607 -3.817102 1.502605 8.509478 1.051399 103.184699
19 11 Car 0 0 -1.000000 -1 -1 -1 -1 1.460156 1.615644 4.115484 -6.323389 1.363729 18.957014 1.349767 47.898226
19 12 Pedestrian 0 0 -1.000000 -1 -1 -1 -1 1.821620 0.678175 0.786040 16.796438 1.050268 19.970835 1.637338 0.138541
19 4 Car 0 0 -1.000000 -1 -1 -1 -1 1.474516 1.586477 3.866919 15.700014 1.081292 21.485907 1.709483 80.737359
19 8 Car 0 0 -1.000000 -1 -1 -1 -1 1.583319 1.591593 3.303286 17.458590 1.065087 21.184116 1.735738 7.287103
19 6 Car 0 0 -1.000000 -1 -1 -1 -1 1.380711 1.646535 4.014516 -7.248468 1.572815 30.793029 1.618231 61.169660
19 9 Car 0 0 -1.000000 -1 -1 -1 -1 1.490580 1.586231 3.750764 -7.861848 1.537315 50.278107 1.523662 13.101777
20 5 Car 0 0 -1.000000 -1 -1 -1 -1 1.825210 1.700861 4.309449 -3.832285 1.517061 7.967114 1.038197 104.898448
20 11 Car 0 0 -1.000000 -1 -1 -1 -1 1.448792 1.627598 4.230568 -6.306950 1.386668 18.495469 1.368633 72.797166
20 12 Pedestrian 0 0 -1.000000 -1 -1 -1 -1 1.669658 0.585599 0.852820 16.739090 1.053799 19.413481 1.875033 0.269523
20 4 Car 0 0 -1.000000 -1 -1 -1 -1 1.481906 1.614358 3.792746 15.705891 1.071778 20.935771 1.700673 85.835931
20 8 Car 0 0 -1.000000 -1 -1 -1 -1 1.583319 1.591593 3.303286 17.409152 1.053035 20.695931 1.735603 7.287103
20 6 Car 0 0 -1.000000 -1 -1 -1 -1 1.418860 1.693785 4.066997 -7.259473 1.610581 30.046792 1.627334 68.557556
20 9 Car 0 0 -1.000000 -1 -1 -1 -1 1.652728 1.635682 3.993430 -7.815306 1.657264 50.077060 1.535027 25.765884
21 5 Car 0 0 -1.000000 -1 -1 -1 -1 1.808593 1.676522 4.196570 -3.774208 1.525245 7.452263 1.046222 121.126897
21 11 Car 0 0 -1.000000 -1 -1 -1 -1 1.484277 1.633986 4.151210 -6.296203 1.426912 18.068811 1.378872 85.944943
21 4 Car 0 0 -1.000000 -1 -1 -1 -1 1.483042 1.607378 3.716172 15.697683 1.082374 20.487793 1.696465 76.094150
21 8 Car 0 0 -1.000000 -1 -1 -1 -1 1.583319 1.591593 3.303286 17.366992 1.061110 20.229236 1.735744 7.287103
21 6 Car 0 0 -1.000000 -1 -1 -1 -1 1.435719 1.647479 3.818908 -7.269300 1.629818 29.268106 1.631515 83.027691
21 9 Car 0 0 -1.000000 -1 -1 -1 -1 1.568425 1.625634 3.933869 -7.837905 1.675553 49.536400 1.562658 23.612289
22 5 Car 0 0 -1.000000 -1 -1 -1 -1 1.776058 1.682548 4.211875 -3.827887 1.489346 7.002123 0.994791 108.758311
22 11 Car 0 0 -1.000000 -1 -1 -1 -1 1.452292 1.611353 4.120177 -6.326993 1.424858 17.638473 1.382599 82.203059
22 4 Car 0 0 -1.000000 -1 -1 -1 -1 1.496977 1.605500 3.733067 15.685948 1.101764 20.073694 1.719038 86.394870
22 8 Car 0 0 -1.000000 -1 -1 -1 -1 1.583319 1.591593 3.303286 17.321062 1.062257 19.782279 1.735802 7.287103
22 6 Car 0 0 -1.000000 -1 -1 -1 -1 1.395271 1.655960 4.015033 -7.265082 1.596698 28.688350 1.616686 78.822660
22 9 Car 0 0 -1.000000 -1 -1 -1 -1 1.520875 1.603586 3.951166 -7.834330 1.682561 49.065772 1.545362 23.733960
23 5 Car 0 0 -1.000000 -1 -1 -1 -1 1.820470 1.681631 4.270424 -3.814754 1.504483 6.620499 1.040014 77.876758
23 11 Car 0 0 -1.000000 -1 -1 -1 -1 1.495631 1.652638 4.128234 -6.346079 1.465350 17.220938 1.385989 107.481001
23 4 Car 0 0 -1.000000 -1 -1 -1 -1 1.536135 1.609714 3.752679 15.699225 1.124497 19.664342 1.712226 86.892023
23 6 Car 0 0 -1.000000 -1 -1 -1 -1 1.408313 1.667624 3.872456 -7.254200 1.631270 27.989190 1.601436 70.276687
23 9 Car 0 0 -1.000000 -1 -1 -1 -1 1.476027 1.677249 4.205930 -7.882631 1.742741 48.793886 1.555740 8.669702
24 5 Car 0 0 -1.000000 -1 -1 -1 -1 1.753499 1.698554 4.306908 -3.767488 1.432521 6.274072 1.102706 81.687528
24 11 Car 0 0 -1.000000 -1 -1 -1 -1 1.491518 1.668243 4.183235 -6.333142 1.486501 16.819725 1.382207 101.250193
24 4 Car 0 0 -1.000000 -1 -1 -1 -1 1.517705 1.601958 3.775490 15.673399 1.093472 19.307153 1.720310 78.010443
24 6 Car 0 0 -1.000000 -1 -1 -1 -1 1.429692 1.645797 3.814595 -7.265123 1.700791 27.403885 1.617863 78.825197
24 9 Car 0 0 -1.000000 -1 -1 -1 -1 1.505970 1.619305 3.837495 -7.857658 1.793478 48.209823 1.540956 9.251996
25 5 Car 0 0 -1.000000 -1 -1 -1 -1 1.753499 1.698554 4.306908 -3.754334 1.434253 5.888137 1.103021 81.687528
25 11 Car 0 0 -1.000000 -1 -1 -1 -1 1.476139 1.628573 4.151658 -6.357227 1.504456 16.451028 1.379542 108.401510
25 4 Car 0 0 -1.000000 -1 -1 -1 -1 1.506749 1.583154 3.691039 15.705648 1.051855 18.885866 1.702116 46.353213
25 6 Car 0 0 -1.000000 -1 -1 -1 -1 1.381050 1.626345 3.893817 -7.243207 1.695543 26.834019 1.615365 67.714436
25 9 Car 0 0 -1.000000 -1 -1 -1 -1 1.508436 1.557210 3.601022 -7.849799 1.789042 47.708132 1.497411 16.103064
26 5 Car 0 0 -1.000000 -1 -1 -1 -1 1.753499 1.698554 4.306908 -3.737588 1.430752 5.508391 1.103070 81.687528
26 11 Car 0 0 -1.000000 -1 -1 -1 -1 1.473224 1.677924 4.268141 -6.345423 1.517753 16.158415 1.375103 106.338794
26 4 Car 0 0 -1.000000 -1 -1 -1 -1 1.506749 1.583154 3.691039 15.708161 1.004761 18.526353 1.702165 46.353213
26 6 Car 0 0 -1.000000 -1 -1 -1 -1 1.379081 1.650625 3.919295 -7.271748 1.713332 26.348821 1.616400 84.778574
26 9 Car 0 0 -1.000000 -1 -1 -1 -1 1.515220 1.599009 3.852693 -7.851491 1.805666 47.549295 1.527539 30.872317
27 5 Car 0 0 -1.000000 -1 -1 -1 -1 1.753499 1.698554 4.306908 -3.718739 1.432277 5.146874 1.102945 81.687528
27 11 Car 0 0 -1.000000 -1 -1 -1 -1 1.446784 1.652817 4.215745 -6.353447 1.519349 15.794892 1.380641 96.860901
27 4 Car 0 0 -1.000000 -1 -1 -1 -1 1.506749 1.583154 3.691039 15.710116 0.939204 18.188032 1.702041 46.353213
27 6 Car 0 0 -1.000000 -1 -1 -1 -1 1.372470 1.671585 3.994660 -7.274505 1.709380 25.825620 1.613236 70.809432
27 9 Car 0 0 -1.000000 -1 -1 -1 -1 1.510513 1.592406 3.844208 -7.835577 1.814831 47.199083 1.541450 33.384024
28 5 Car 0 0 -1.000000 -1 -1 -1 -1 1.753499 1.698554 4.306908 -3.706911 1.432345 4.803349 1.102993 81.687528
28 11 Car 0 0 -1.000000 -1 -1 -1 -1 1.457570 1.670002 4.217256 -6.326578 1.537581 15.468592 1.384948 104.973555
28 4 Car 0 0 -1.000000 -1 -1 -1 -1 1.506749 1.583154 3.691039 15.706971 0.860940 17.864006 1.702089 46.353213
28 6 Car 0 0 -1.000000 -1 -1 -1 -1 1.388750 1.612770 3.843623 -7.271338 1.742010 25.271038 1.602722 69.023296
28 9 Car 0 0 -1.000000 -1 -1 -1 -1 1.562883 1.614761 3.571196 -7.904417 1.852583 46.715048 1.531730 31.051109
29 11 Car 0 0 -1.000000 -1 -1 -1 -1 1.447126 1.657504 4.297635 -6.346991 1.579195 15.181514 1.385471 110.248368
29 4 Car 0 0 -1.000000 -1 -1 -1 -1 1.506749 1.583154 3.691039 15.701511 0.769973 17.563094 1.701897 46.353213
29 6 Car 0 0 -1.000000 -1 -1 -1 -1 1.371114 1.616799 3.934790 -7.287182 1.802709 24.861776 1.608488 84.755209
29 9 Car 0 0 -1.000000 -1 -1 -1 -1 1.459447 1.654317 4.096480 -7.831557 1.881743 46.649549 1.568926 13.872312
30 11 Car 0 0 -1.000000 -1 -1 -1 -1 1.458516 1.653324 4.255267 -6.321572 1.695513 14.855069 1.392298 109.981648
30 4 Car 0 0 -1.000000 -1 -1 -1 -1 1.506749 1.583154 3.691039 15.711655 0.821959 17.251931 1.702433 46.353213
30 6 Car 0 0 -1.000000 -1 -1 -1 -1 1.397418 1.643037 3.960677 -7.265099 1.992315 24.375743 1.592815 65.805175
30 9 Car 0 0 -1.000000 -1 -1 -1 -1 1.490775 1.608922 4.065774 -7.756347 2.266992 46.263466 1.550812 11.491167
31 11 Car 0 0 -1.000000 -1 -1 -1 -1 1.429695 1.640273 4.165236 -6.298948 1.843769 14.498100 1.387665 101.773410
31 4 Car 0 0 -1.000000 -1 -1 -1 -1 1.506749 1.583154 3.691039 15.722545 1.011703 16.956702 1.702966 46.353213
31 6 Car 0 0 -1.000000 -1 -1 -1 -1 1.379817 1.622590 3.921717 -7.226672 2.222945 23.910494 1.612617 70.825141
31 9 Car 0 0 -1.000000 -1 -1 -1 -1 1.485364 1.592696 3.870746 -7.711586 2.829186 45.793442 1.534138 9.099345
32 11 Car 0 0 -1.000000 -1 -1 -1 -1 1.433580 1.641620 4.310639 -6.326676 2.047771 14.250014 1.378572 109.575921
32 6 Car 0 0 -1.000000 -1 -1 -1 -1 1.380167 1.661914 3.992526 -7.229885 2.537582 23.455208 1.609771 77.154794
32 9 Car 0 0 -1.000000 -1 -1 -1 -1 1.567048 1.653726 3.747204 -7.771640 3.379161 45.574052 1.529284 28.159928
33 11 Car 0 0 -1.000000 -1 -1 -1 -1 1.418482 1.644974 4.306247 -6.327437 2.177452 13.960665 1.390893 114.678620
33 6 Car 0 0 -1.000000 -1 -1 -1 -1 1.388846 1.666262 4.172189 -7.220995 2.792013 23.153981 1.599272 89.234699
33 9 Car 0 0 -1.000000 -1 -1 -1 -1 1.470489 1.616756 4.043911 -7.723586 3.813153 45.272532 1.521330 9.831469
34 11 Car 0 0 -1.000000 -1 -1 -1 -1 1.458727 1.672352 4.336581 -6.275230 2.286527 13.650408 1.377684 118.118781
34 6 Car 0 0 -1.000000 -1 -1 -1 -1 1.379987 1.635902 3.859509 -7.189472 2.886791 22.650176 1.581191 78.870213
34 9 Car 0 0 -1.000000 -1 -1 -1 -1 1.512508 1.638425 4.031634 -7.697601 4.029887 45.095697 1.532172 12.587325
35 11 Car 0 0 -1.000000 -1 -1 -1 -1 1.421816 1.698421 4.428456 -6.242231 2.319204 13.378046 1.389652 102.731462
35 6 Car 0 0 -1.000000 -1 -1 -1 -1 1.385686 1.673113 4.121205 -7.153206 2.988726 22.375847 1.587482 94.256309
35 9 Car 0 0 -1.000000 -1 -1 -1 -1 1.471080 1.619916 3.921855 -7.582023 4.340929 44.585521 1.576086 15.352734
36 11 Car 0 0 -1.000000 -1 -1 -1 -1 1.420595 1.679234 4.327109 -6.253097 2.370607 13.098678 1.377954 117.435632
36 6 Car 0 0 -1.000000 -1 -1 -1 -1 1.388291 1.641697 3.912623 -7.114046 3.035734 21.946952 1.589485 89.318666
36 9 Car 0 0 -1.000000 -1 -1 -1 -1 1.515753 1.633309 3.985575 -7.560882 4.464304 44.391506 1.543685 29.995303
36 15 Car 0 0 -1.000000 -1 -1 -1 -1 1.505138 1.603761 3.761227 -26.877792 3.754548 66.030174 1.460290 0.108393
37 11 Car 0 0 -1.000000 -1 -1 -1 -1 1.418423 1.710284 4.361324 -6.237808 2.392186 12.830151 1.389788 104.065387
37 6 Car 0 0 -1.000000 -1 -1 -1 -1 1.403091 1.635168 3.988752 -7.095918 3.120048 21.588756 1.613671 76.744100
37 9 Car 0 0 -1.000000 -1 -1 -1 -1 1.507310 1.671338 4.097450 -7.393557 4.539035 44.148909 1.565578 21.134463
38 11 Car 0 0 -1.000000 -1 -1 -1 -1 1.431495 1.710379 4.423180 -6.199268 2.385546 12.541435 1.381442 106.381287
38 6 Car 0 0 -1.000000 -1 -1 -1 -1 1.393706 1.652208 3.980716 -7.026342 3.112526 21.287543 1.615786 95.456367
38 9 Car 0 0 -1.000000 -1 -1 -1 -1 1.523558 1.675327 3.849277 -7.336538 4.601846 43.859903 1.553295 30.738333
39 11 Car 0 0 -1.000000 -1 -1 -1 -1 1.432866 1.700050 4.400153 -6.141068 2.336167 12.302619 1.407231 103.765836
39 6 Car 0 0 -1.000000 -1 -1 -1 -1 1.388523 1.631106 4.041214 -6.985776 2.971965 21.030688 1.599971 93.663651
39 9 Car 0 0 -1.000000 -1 -1 -1 -1 1.543833 1.652057 3.950682 -7.253149 4.410628 43.588311 1.547121 31.697735
40 11 Car 0 0 -1.000000 -1 -1 -1 -1 1.424022 1.665301 4.399218 -6.102556 2.175526 12.087652 1.404714 122.597352
40 6 Car 0 0 -1.000000 -1 -1 -1 -1 1.396149 1.627204 3.946805 -6.879651 2.785360 20.767625 1.598644 103.186930
40 9 Car 0 0 -1.000000 -1 -1 -1 -1 1.487288 1.617833 3.987781 -7.001354 3.918385 43.412752 1.574991 20.127767
41 11 Car 0 0 -1.000000 -1 -1 -1 -1 1.442627 1.682460 4.436781 -6.022555 2.113007 11.863714 1.393826 123.105943
41 6 Car 0 0 -1.000000 -1 -1 -1 -1 1.402044 1.651294 4.096802 -6.776111 2.598131 20.539274 1.613660 120.140891
41 9 Car 0 0 -1.000000 -1 -1 -1 -1 1.488907 1.631330 4.021801 -6.771387 3.523158 43.130919 1.551281 22.186591
42 11 Car 0 0 -1.000000 -1 -1 -1 -1 1.432737 1.693632 4.446525 -5.934296 2.012084 11.590544 1.397253 105.914946
42 6 Car 0 0 -1.000000 -1 -1 -1 -1 1.402540 1.647381 3.961971 -6.662277 2.420733 20.222270 1.627319 90.796700
42 9 Car 0 0 -1.000000 -1 -1 -1 -1 1.537468 1.661061 3.840311 -6.550314 3.219351 42.910172 1.541074 19.289814
43 11 Car 0 0 -1.000000 -1 -1 -1 -1 1.437216 1.656273 4.374205 -5.828310 1.956240 11.317542 1.429761 129.429615
43 6 Car 0 0 -1.000000 -1 -1 -1 -1 1.388248 1.638731 4.078792 -6.486936 2.322499 20.042586 1.636135 101.180965
43 9 Car 0 0 -1.000000 -1 -1 -1 -1 1.496737 1.635925 4.102052 -6.193964 2.980369 42.727837 1.567291 38.488588
44 11 Car 0 0 -1.000000 -1 -1 -1 -1 1.438237 1.670298 4.392821 -5.745826 1.906415 11.078553 1.426297 114.226923
44 6 Car 0 0 -1.000000 -1 -1 -1 -1 1.411242 1.635035 3.935682 -6.343623 2.243628 19.685475 1.639261 98.190375
44 9 Car 0 0 -1.000000 -1 -1 -1 -1 1.500291 1.629334 3.982137 -5.858881 2.765311 42.397400 1.590589 29.947546
45 11 Car 0 0 -1.000000 -1 -1 -1 -1 1.449586 1.677945 4.396608 -5.649913 1.897168 10.865996 1.435171 125.808006
45 6 Car 0 0 -1.000000 -1 -1 -1 -1 1.400121 1.640528 4.022946 -6.158426 2.196223 19.456946 1.667769 106.571323
45 9 Car 0 0 -1.000000 -1 -1 -1 -1 1.473216 1.639902 4.098561 -5.468008 2.704869 42.214575 1.591778 28.830051
46 11 Car 0 0 -1.000000 -1 -1 -1 -1 1.450038 1.685488 4.419818 -5.532127 1.882804 10.654189 1.441940 111.938652
46 6 Car 0 0 -1.000000 -1 -1 -1 -1 1.395383 1.618727 3.897159 -5.946750 2.199594 19.205238 1.671120 99.987114
46 9 Car 0 0 -1.000000 -1 -1 -1 -1 1.483278 1.638789 4.134163 -5.030013 2.690653 41.981543 1.605944 29.539519
47 11 Car 0 0 -1.000000 -1 -1 -1 -1 1.445782 1.656159 4.349221 -5.396181 1.887563 10.387335 1.465958 118.823315
47 6 Car 0 0 -1.000000 -1 -1 -1 -1 1.370178 1.642581 4.160287 -5.752922 2.167313 19.034940 1.667811 96.688162
47 9 Car 0 0 -1.000000 -1 -1 -1 -1 1.486501 1.636573 3.958259 -4.654600 2.701224 41.605974 1.606144 30.989285
48 11 Car 0 0 -1.000000 -1 -1 -1 -1 1.438719 1.661221 4.361902 -5.294615 1.878448 10.115512 1.481236 112.309645
48 6 Car 0 0 -1.000000 -1 -1 -1 -1 1.381476 1.638863 4.094520 -5.541646 2.158560 18.730776 1.684910 105.518819
48 9 Car 0 0 -1.000000 -1 -1 -1 -1 1.468830 1.621142 4.041950 -4.192216 2.670793 41.450780 1.633247 46.063185
49 11 Car 0 0 -1.000000 -1 -1 -1 -1 1.439224 1.677894 4.382756 -5.177171 1.865350 9.883306 1.489150 121.721810
49 6 Car 0 0 -1.000000 -1 -1 -1 -1 1.375752 1.629785 4.023723 -5.317014 2.148037 18.441968 1.684533 106.645112
49 9 Car 0 0 -1.000000 -1 -1 -1 -1 1.463384 1.620817 3.905610 -3.712063 2.608939 41.096469 1.636332 35.957824
49 18 Car 0 0 -1.000000 -1 -1 -1 -1 1.646060 1.695170 4.153165 13.006601 2.406556 65.344830 1.549082 0.016888
50 11 Car 0 0 -1.000000 -1 -1 -1 -1 1.455166 1.673152 4.350383 -5.056115 1.875230 9.562342 1.502841 124.834390
50 6 Car 0 0 -1.000000 -1 -1 -1 -1 1.384245 1.618888 4.013095 -5.081478 2.153492 18.193028 1.700717 115.160860
50 9 Car 0 0 -1.000000 -1 -1 -1 -1 1.512960 1.654579 3.969907 -3.223536 2.687438 40.822343 1.648431 39.073857
50 20 Car 0 0 -1.000000 -1 -1 -1 -1 1.551798 1.653899 3.806502 11.141870 2.404369 62.237236 1.689820 0.192808
51 11 Car 0 0 -1.000000 -1 -1 -1 -1 1.448943 1.686917 4.419249 -4.943131 1.869990 9.316926 1.508249 122.218630
51 6 Car 0 0 -1.000000 -1 -1 -1 -1 1.367545 1.644480 4.017004 -4.888126 2.158681 17.953631 1.710296 102.233483
51 9 Car 0 0 -1.000000 -1 -1 -1 -1 1.544452 1.704252 4.124159 -2.743154 2.745084 40.671640 1.654072 43.484456
52 11 Car 0 0 -1.000000 -1 -1 -1 -1 1.436329 1.678318 4.442179 -4.809296 1.882644 9.072964 1.520876 113.758219
52 6 Car 0 0 -1.000000 -1 -1 -1 -1 1.385812 1.651777 4.184769 -4.650170 2.219041 17.716310 1.703579 114.727459
52 9 Car 0 0 -1.000000 -1 -1 -1 -1 1.510195 1.642824 3.936588 -2.220001 2.843267 40.208585 1.696362 43.938531
53 11 Car 0 0 -1.000000 -1 -1 -1 -1 1.437780 1.642683 4.373073 -4.668851 1.901860 8.742075 1.523047 141.005042
53 6 Car 0 0 -1.000000 -1 -1 -1 -1 1.366469 1.625446 4.063579 -4.414322 2.204103 17.446461 1.732821 110.023638
53 9 Car 0 0 -1.000000 -1 -1 -1 -1 1.526652 1.662323 4.150191 -1.684911 2.879170 39.998607 1.692391 41.784174
54 11 Car 0 0 -1.000000 -1 -1 -1 -1 1.419563 1.652873 4.403733 -4.553667 1.888849 8.407357 1.539316 121.143871
54 6 Car 0 0 -1.000000 -1 -1 -1 -1 1.388285 1.635434 3.965404 -4.158501 2.270354 17.067808 1.754513 126.040251
54 9 Car 0 0 -1.000000 -1 -1 -1 -1 1.540840 1.668802 4.203082 -1.187078 2.860139 39.696710 1.716870 37.953119
54 21 Car 0 0 -1.000000 -1 -1 -1 -1 1.573843 1.634169 3.805505 14.080886 2.658315 59.651367 1.679945 0.154978
55 11 Car 0 0 -1.000000 -1 -1 -1 -1 1.450395 1.700220 4.421744 -4.440132 1.887679 8.086921 1.554151 133.750829
55 6 Car 0 0 -1.000000 -1 -1 -1 -1 1.364776 1.614950 4.024584 -3.928691 2.194877 16.783804 1.747086 121.119966
55 9 Car 0 0 -1.000000 -1 -1 -1 -1 1.513529 1.610000 3.756275 -0.691147 2.810516 39.156365 1.714671 45.412126
56 11 Car 0 0 -1.000000 -1 -1 -1 -1 1.442596 1.671055 4.406788 -4.312643 1.844826 7.759470 1.568203 119.031263
56 6 Car 0 0 -1.000000 -1 -1 -1 -1 1.351222 1.628898 4.026831 -3.727845 2.175044 16.430853 1.770530 108.590930
56 9 Car 0 0 -1.000000 -1 -1 -1 -1 1.527623 1.640458 4.115264 -0.141995 2.808874 38.937532 1.732905 42.041413
57 11 Car 0 0 -1.000000 -1 -1 -1 -1 1.442596 1.671055 4.406788 -4.195165 1.824575 7.437157 1.581296 119.031263
57 6 Car 0 0 -1.000000 -1 -1 -1 -1 1.354897 1.630731 4.132512 -3.476691 2.171106 16.111431 1.784520 112.991229
57 9 Car 0 0 -1.000000 -1 -1 -1 -1 1.546699 1.661443 4.023058 0.387133 2.869949 38.527322 1.754716 44.827026
58 11 Car 0 0 -1.000000 -1 -1 -1 -1 1.442596 1.671055 4.406788 -4.075038 1.822545 7.108693 1.594726 119.031263
58 6 Car 0 0 -1.000000 -1 -1 -1 -1 1.365050 1.627908 4.010408 -3.270103 2.176724 15.716615 1.798828 115.971368
58 9 Car 0 0 -1.000000 -1 -1 -1 -1 1.503402 1.668232 4.056196 0.934830 2.857827 38.133668 1.753651 42.371656
59 11 Car 0 0 -1.000000 -1 -1 -1 -1 1.442596 1.671055 4.406788 -3.960949 1.809499 6.778605 1.608783 119.031263
59 6 Car 0 0 -1.000000 -1 -1 -1 -1 1.350857 1.624135 4.038812 -3.027856 2.162029 15.341294 1.818753 124.368738
59 9 Car 0 0 -1.000000 -1 -1 -1 -1 1.504040 1.606491 3.866520 1.458941 2.905475 37.695213 1.755705 40.852464
60 11 Car 0 0 -1.000000 -1 -1 -1 -1 1.442596 1.671055 4.406788 -3.847023 1.808168 6.437773 1.622556 119.031263
60 6 Car 0 0 -1.000000 -1 -1 -1 -1 1.362222 1.631820 4.097960 -2.799531 2.176911 14.950167 1.822520 114.466115
60 9 Car 0 0 -1.000000 -1 -1 -1 -1 1.510567 1.634670 3.860046 2.106825 2.906321 37.240896 1.783123 52.587685
60 22 Car 0 0 -1.000000 -1 -1 -1 -1 1.479507 1.581233 3.466751 -6.705503 0.851698 43.957930 1.802881 0.213319
61 11 Car 0 0 -1.000000 -1 -1 -1 -1 1.442596 1.671055 4.406788 -3.737719 1.796811 6.087316 1.637595 119.031263
61 6 Car 0 0 -1.000000 -1 -1 -1 -1 1.368696 1.624558 3.977351 -2.583515 2.148845 14.588487 1.830746 124.987142
61 9 Car 0 0 -1.000000 -1 -1 -1 -1 1.545499 1.695663 3.980896 2.591396 2.846383 36.892919 1.806481 41.318445
62 11 Car 0 0 -1.000000 -1 -1 -1 -1 1.442596 1.671055 4.406788 -3.636400 1.785035 5.738355 1.651542 119.031263
62 6 Car 0 0 -1.000000 -1 -1 -1 -1 1.363502 1.633735 4.087488 -2.382617 2.111810 14.191375 1.857909 126.814555
62 9 Car 0 0 -1.000000 -1 -1 -1 -1 1.533946 1.665058 3.848919 3.101766 2.827542 36.404538 1.795026 47.891443
63 11 Car 0 0 -1.000000 -1 -1 -1 -1 1.442596 1.671055 4.406788 -3.540246 1.771081 5.394618 1.664906 119.031263
63 6 Car 0 0 -1.000000 -1 -1 -1 -1 1.372707 1.624628 4.010952 -2.197693 2.096662 13.795993 1.851907 112.749601
63 9 Car 0 0 -1.000000 -1 -1 -1 -1 1.539967 1.700959 3.918899 3.576853 2.782647 36.006184 1.820558 47.283033
64 11 Car 0 0 -1.000000 -1 -1 -1 -1 1.442596 1.671055 4.406788 -3.458321 1.756061 5.037830 1.678458 119.031263
64 6 Car 0 0 -1.000000 -1 -1 -1 -1 1.366435 1.615443 4.057824 -2.016328 2.060268 13.401690 1.881674 127.195195
64 9 Car 0 0 -1.000000 -1 -1 -1 -1 1.522930 1.691655 3.908088 4.069931 2.711047 35.575822 1.840741 49.390065
65 11 Car 0 0 -1.000000 -1 -1 -1 -1 1.442596 1.671055 4.406788 -3.383254 1.751733 4.687226 1.691521 119.031263
65 6 Car 0 0 -1.000000 -1 -1 -1 -1 1.374192 1.614852 4.000753 -1.881391 2.006529 12.978486 1.891554 116.910074
65 9 Car 0 0 -1.000000 -1 -1 -1 -1 1.509323 1.669172 3.813493 4.465511 2.488114 35.067117 1.837656 53.533824
66 11 Car 0 0 -1.000000 -1 -1 -1 -1 1.442596 1.671055 4.406788 -3.314011 1.738363 4.336656 1.703199 119.031263
66 6 Car 0 0 -1.000000 -1 -1 -1 -1 1.378358 1.607741 4.003530 -1.745648 1.929635 12.562535 1.896193 122.443786
66 9 Car 0 0 -1.000000 -1 -1 -1 -1 1.488862 1.672086 3.966259 4.921930 2.195050 34.703732 1.871296 50.099830
67 11 Car 0 0 -1.000000 -1 -1 -1 -1 1.442596 1.671055 4.406788 -3.251774 1.723086 3.991384 1.714994 119.031263
67 6 Car 0 0 -1.000000 -1 -1 -1 -1 1.386122 1.621919 3.989053 -1.599556 1.839089 12.190993 1.909719 127.553774
67 9 Car 0 0 -1.000000 -1 -1 -1 -1 1.510929 1.649222 3.736823 5.270015 1.924052 34.154001 1.884495 51.861129
68 11 Car 0 0 -1.000000 -1 -1 -1 -1 1.442596 1.671055 4.406788 -3.203914 1.694312 3.638001 1.725763 119.031263
68 6 Car 0 0 -1.000000 -1 -1 -1 -1 1.380612 1.616607 4.000262 -1.515989 1.751032 11.769708 1.913617 140.889112
68 9 Car 0 0 -1.000000 -1 -1 -1 -1 1.487880 1.640784 3.996137 5.593676 1.679365 33.882261 1.878362 64.837728
69 11 Car 0 0 -1.000000 -1 -1 -1 -1 1.442596 1.671055 4.406788 -3.167389 1.664319 3.279275 1.733774 119.031263
69 6 Car 0 0 -1.000000 -1 -1 -1 -1 1.376574 1.628823 4.088782 -1.400443 1.653504 11.404510 1.923762 137.542967
69 9 Car 0 0 -1.000000 -1 -1 -1 -1 1.515589 1.638941 3.897789 5.853185 1.485919 33.437923 1.888213 66.551980
70 6 Car 0 0 -1.000000 -1 -1 -1 -1 1.381617 1.630401 4.115810 -1.336613 1.580424 11.012834 1.926430 135.256065
70 9 Car 0 0 -1.000000 -1 -1 -1 -1 1.519392 1.644784 3.768089 6.036713 1.308344 32.968086 1.914008 59.356688
71 6 Car 0 0 -1.000000 -1 -1 -1 -1 1.392943 1.631346 4.121862 -1.320286 1.550135 10.598443 1.937674 153.083141
71 9 Car 0 0 -1.000000 -1 -1 -1 -1 1.501801 1.626235 3.914786 6.238769 1.186878 32.627855 1.888988 53.351061
72 6 Car 0 0 -1.000000 -1 -1 -1 -1 1.388287 1.638330 4.056346 -1.298479 1.555967 10.151810 1.941005 141.605886
72 9 Car 0 0 -1.000000 -1 -1 -1 -1 1.521207 1.661008 3.909280 6.360002 1.083254 32.234365 1.910135 61.389618
73 6 Car 0 0 -1.000000 -1 -1 -1 -1 1.396438 1.647117 4.133536 -1.283644 1.581714 9.734849 1.948510 142.652143
73 9 Car 0 0 -1.000000 -1 -1 -1 -1 1.537294 1.652071 3.879650 6.458909 1.078651 31.835385 1.929467 68.536308
74 6 Car 0 0 -1.000000 -1 -1 -1 -1 1.389567 1.632838 4.157708 -1.312902 1.607520 9.332180 1.947633 132.038115
74 23 Pedestrian 0 0 -1.000000 -1 -1 -1 -1 1.777098 0.813509 0.724214 -5.212847 1.731744 11.029020 2.024870 0.038399
74 9 Car 0 0 -1.000000 -1 -1 -1 -1 1.507179 1.620451 3.780403 6.481825 1.103056 31.437685 1.912861 60.089412
74 24 Car 0 0 -1.000000 -1 -1 -1 -1 1.626683 1.611543 3.719894 24.554150 0.273203 40.427795 1.812139 0.226829
75 6 Car 0 0 -1.000000 -1 -1 -1 -1 1.387450 1.617017 4.067006 -1.366739 1.626973 8.821539 1.942347 135.917498
75 9 Car 0 0 -1.000000 -1 -1 -1 -1 1.491220 1.636515 3.841283 6.478467 1.189539 31.129835 1.922147 51.633239
76 6 Car 0 0 -1.000000 -1 -1 -1 -1 1.392366 1.615471 4.086092 -1.394309 1.632694 8.377919 1.939297 138.130109
76 9 Car 0 0 -1.000000 -1 -1 -1 -1 1.535579 1.615704 3.649331 6.325422 1.280234 30.687078 1.919141 64.168227
77 6 Car 0 0 -1.000000 -1 -1 -1 -1 1.387459 1.628533 4.062040 -1.444466 1.628237 7.936152 1.939124 128.880100
77 9 Car 0 0 -1.000000 -1 -1 -1 -1 1.497666 1.645005 3.864424 6.230534 1.330508 30.433941 1.890199 54.526027
78 6 Car 0 0 -1.000000 -1 -1 -1 -1 1.382443 1.614721 4.077740 -1.565345 1.626072 7.394419 1.936772 139.791409
78 9 Car 0 0 -1.000000 -1 -1 -1 -1 1.520953 1.638630 3.857838 6.050723 1.350336 30.111971 1.873480 61.081510
79 6 Car 0 0 -1.000000 -1 -1 -1 -1 1.397063 1.619870 4.070637 -1.667433 1.616276 6.881638 1.931327 125.712172
79 9 Car 0 0 -1.000000 -1 -1 -1 -1 1.523872 1.650074 3.891156 5.905044 1.283226 29.791394 1.893557 68.157110
80 6 Car 0 0 -1.000000 -1 -1 -1 -1 1.391701 1.624270 4.062147 -1.767875 1.629628 6.347866 1.925063 133.405085
80 26 Pedestrian 0 0 -1.000000 -1 -1 -1 -1 1.856315 0.720557 0.815136 -5.410356 1.731915 8.774431 1.894776 0.080100
80 9 Car 0 0 -1.000000 -1 -1 -1 -1 1.506929 1.638791 3.806363 5.741082 1.243103 29.421114 1.907486 63.866328
81 6 Car 0 0 -1.000000 -1 -1 -1 -1 1.391701 1.624270 4.062147 -1.844661 1.643783 5.901025 1.919146 133.405085
81 9 Car 0 0 -1.000000 -1 -1 -1 -1 1.509447 1.629243 3.778702 5.505972 1.247153 29.094607 1.894122 58.268822
82 6 Car 0 0 -1.000000 -1 -1 -1 -1 1.391701 1.624270 4.062147 -1.924107 1.658533 5.448891 1.912256 133.405085
82 9 Car 0 0 -1.000000 -1 -1 -1 -1 1.501595 1.619113 3.744222 5.290298 1.287896 28.768164 1.864823 72.308869
83 6 Car 0 0 -1.000000 -1 -1 -1 -1 1.391701 1.624270 4.062147 -2.001513 1.670581 4.998616 1.905672 133.405085
83 9 Car 0 0 -1.000000 -1 -1 -1 -1 1.496723 1.614133 3.649556 5.037694 1.432173 28.410659 1.863454 76.048739
84 6 Car 0 0 -1.000000 -1 -1 -1 -1 1.391701 1.624270 4.062147 -2.080122 1.694616 4.541032 1.898007 133.405085
84 9 Car 0 0 -1.000000 -1 -1 -1 -1 1.512287 1.628165 3.846324 4.800384 1.610743 28.166295 1.853134 89.861575
85 6 Car 0 0 -1.000000 -1 -1 -1 -1 1.391701 1.624270 4.062147 -2.167794 1.715700 4.061589 1.888454 133.405085
85 9 Car 0 0 -1.000000 -1 -1 -1 -1 1.475598 1.638220 3.841050 4.465802 1.707277 27.835526 1.843303 75.745807
86 6 Car 0 0 -1.000000 -1 -1 -1 -1 1.391701 1.624270 4.062147 -2.258805 1.731488 3.573892 1.876329 133.405085
86 9 Car 0 0 -1.000000 -1 -1 -1 -1 1.494898 1.617750 3.706045 4.047339 1.779490 27.452003 1.830877 64.127321
86 28 Car 0 0 -1.000000 -1 -1 -1 -1 1.668314 1.641542 3.863821 22.836906 1.224666 43.648110 1.762005 0.108888
87 6 Car 0 0 -1.000000 -1 -1 -1 -1 1.391701 1.624270 4.062147 -2.347217 1.737329 3.079229 1.862138 133.405085
87 9 Car 0 0 -1.000000 -1 -1 -1 -1 1.478534 1.630886 3.818605 3.563254 1.849285 27.179175 1.817759 63.414964
88 6 Car 0 0 -1.000000 -1 -1 -1 -1 1.391701 1.624270 4.062147 -2.437733 1.737142 2.560366 1.845796 133.405085
88 9 Car 0 0 -1.000000 -1 -1 -1 -1 1.484655 1.596539 3.600604 3.082023 1.891791 26.745954 1.795485 61.122980
88 29 Pedestrian 0 0 -1.000000 -1 -1 -1 -1 1.746199 0.721058 0.657874 19.010120 1.569544 39.618560 1.862662 0.437394
89 9 Car 0 0 -1.000000 -1 -1 -1 -1 1.490917 1.621231 3.807565 2.586695 1.956064 26.523181 1.787147 77.764940
90 9 Car 0 0 -1.000000 -1 -1 -1 -1 1.478740 1.607189 3.782713 2.058218 1.953450 26.133369 1.765563 88.967700
91 9 Car 0 0 -1.000000 -1 -1 -1 -1 1.450858 1.627276 3.937525 1.508968 1.905246 25.839931 1.747171 71.668403
92 9 Car 0 0 -1.000000 -1 -1 -1 -1 1.474496 1.612383 3.748489 0.938705 1.906173 25.360384 1.715169 87.381129
93 9 Car 0 0 -1.000000 -1 -1 -1 -1 1.493451 1.614899 3.689385 0.427062 1.920252 24.937910 1.718185 84.466694
94 9 Car 0 0 -1.000000 -1 -1 -1 -1 1.473691 1.603048 3.757130 -0.069943 1.948476 24.499647 1.699653 88.604327
95 9 Car 0 0 -1.000000 -1 -1 -1 -1 1.473068 1.619940 3.700456 -0.530988 1.962614 24.001730 1.659423 87.816320
96 9 Car 0 0 -1.000000 -1 -1 -1 -1 1.453199 1.617770 3.719361 -0.929053 1.913025 23.586922 1.645978 89.012085
97 9 Car 0 0 -1.000000 -1 -1 -1 -1 1.491141 1.627826 3.806550 -1.275945 1.839716 23.188178 1.630966 85.038604
98 9 Car 0 0 -1.000000 -1 -1 -1 -1 1.481736 1.607450 3.692812 -1.566735 1.650836 22.671157 1.623259 84.849140
99 9 Car 0 0 -1.000000 -1 -1 -1 -1 1.511416 1.602255 3.724252 -1.763372 1.353811 22.175956 1.609321 95.288666
100 9 Car 0 0 -1.000000 -1 -1 -1 -1 1.515541 1.659317 3.836499 -2.021644 1.019554 21.780712 1.593557 88.272066
100 36 Car 0 0 -1.000000 -1 -1 -1 -1 1.553098 1.622495 3.698144 12.902274 -0.528958 48.361350 1.653149 0.043872
100 37 Car 0 0 -1.000000 -1 -1 -1 -1 1.534164 1.636340 3.646747 7.832692 -0.549107 53.457672 1.436565 0.387272
101 9 Car 0 0 -1.000000 -1 -1 -1 -1 1.535145 1.655904 3.861689 -2.155548 0.857150 21.293083 1.587250 94.149262
101 38 Car 0 0 -1.000000 -1 -1 -1 -1 1.533091 1.596353 3.632812 4.219262 -0.437030 48.262390 1.467586 0.033978
101 36 Car 0 0 -1.000000 -1 -1 -1 -1 1.614808 1.665651 3.912121 12.672230 -0.652186 48.669069 1.768932 0.022649
101 37 Car 0 0 -1.000000 -1 -1 -1 -1 1.438948 1.669250 3.706785 7.687506 -0.808875 52.942356 1.614221 0.548968
102 9 Car 0 0 -1.000000 -1 -1 -1 -1 1.518415 1.635869 3.786884 -2.279790 1.029824 20.800071 1.600623 82.765605
102 39 Car 0 0 -1.000000 -1 -1 -1 -1 1.564474 1.633072 3.573679 9.755123 0.172560 36.278667 1.475901 0.337338
103 9 Car 0 0 -1.000000 -1 -1 -1 -1 1.502000 1.622993 3.695664 -2.376960 1.351117 20.213205 1.572613 83.238580
104 9 Car 0 0 -1.000000 -1 -1 -1 -1 1.473395 1.614617 3.750389 -2.485805 1.635006 19.718139 1.570477 101.546359
105 9 Car 0 0 -1.000000 -1 -1 -1 -1 1.471643 1.624206 3.786626 -2.576677 1.814640 19.228852 1.571313 76.741069
106 9 Car 0 0 -1.000000 -1 -1 -1 -1 1.490282 1.618289 3.809168 -2.645101 1.859799 18.736262 1.573090 99.698069
107 9 Car 0 0 -1.000000 -1 -1 -1 -1 1.470218 1.606414 3.675868 -2.710055 1.664732 18.172879 1.565358 108.175996
108 9 Car 0 0 -1.000000 -1 -1 -1 -1 1.490390 1.627127 3.833207 -2.762023 1.414764 17.665188 1.564067 97.511671
109 9 Car 0 0 -1.000000 -1 -1 -1 -1 1.483968 1.604940 3.671636 -2.815183 1.355989 17.066863 1.560402 104.915629
110 9 Car 0 0 -1.000000 -1 -1 -1 -1 1.492787 1.634748 3.717082 -2.860835 1.493401 16.550139 1.561843 101.512542
110 43 Pedestrian 0 0 -1.000000 -1 -1 -1 -1 1.628703 0.766434 0.721006 9.436474 1.261268 29.997460 1.877347 0.018668
111 9 Car 0 0 -1.000000 -1 -1 -1 -1 1.499820 1.619418 3.758055 -2.893257 1.714531 15.983250 1.564158 122.713799
112 9 Car 0 0 -1.000000 -1 -1 -1 -1 1.488468 1.623495 3.804263 -2.933198 1.786907 15.445993 1.553176 102.420211
113 9 Car 0 0 -1.000000 -1 -1 -1 -1 1.462962 1.628588 3.802810 -2.972297 1.818512 14.883632 1.552738 110.737118
113 43 Pedestrian 0 0 -1.000000 -1 -1 -1 -1 1.628703 0.766434 0.721006 9.224402 1.983573 28.384715 1.869966 0.336028
114 9 Car 0 0 -1.000000 -1 -1 -1 -1 1.469366 1.617008 3.774866 -2.988406 1.776865 14.304963 1.543861 106.996995
114 43 Pedestrian 0 0 -1.000000 -1 -1 -1 -1 1.628703 0.766434 0.721006 9.183621 2.021209 27.820931 1.868385 0.336028
115 9 Car 0 0 -1.000000 -1 -1 -1 -1 1.481207 1.609051 3.689911 -3.024289 1.751671 13.662522 1.543432 117.475914
115 43 Pedestrian 0 0 -1.000000 -1 -1 -1 -1 1.628703 0.766434 0.721006 9.153510 2.108875 27.133055 1.866808 0.336028
116 9 Car 0 0 -1.000000 -1 -1 -1 -1 1.478595 1.617339 3.779291 -3.056680 1.708621 13.126812 1.541081 123.392021
117 9 Car 0 0 -1.000000 -1 -1 -1 -1 1.479290 1.620344 3.832169 -3.067186 1.751407 12.546781 1.536351 104.913440
117 44 Pedestrian 0 0 -1.000000 -1 -1 -1 -1 1.763531 0.660709 0.635521 -6.942815 1.446308 27.375078 1.497443 0.279437
118 9 Car 0 0 -1.000000 -1 -1 -1 -1 1.469131 1.604374 3.709005 -3.087199 1.762532 11.909811 1.542273 127.536572
119 9 Car 0 0 -1.000000 -1 -1 -1 -1 1.459688 1.604041 3.779777 -3.096978 1.776392 11.341278 1.549111 127.381558
120 9 Car 0 0 -1.000000 -1 -1 -1 -1 1.444907 1.607335 3.853446 -3.110480 1.764826 10.810607 1.537018 121.528246
121 9 Car 0 0 -1.000000 -1 -1 -1 -1 1.470313 1.631634 3.809684 -3.153958 1.781339 10.166493 1.531290 121.799456
122 9 Car 0 0 -1.000000 -1 -1 -1 -1 1.475408 1.636259 3.790804 -3.132253 1.780787 9.544773 1.536686 137.811531
122 47 Pedestrian 0 0 -1.000000 -1 -1 -1 -1 1.677851 0.695552 0.887036 8.920372 1.598448 21.859550 1.548474 0.553391
122 46 Pedestrian 0 0 -1.000000 -1 -1 -1 -1 1.663271 0.661387 0.871652 8.267394 1.543339 21.915374 1.788693 0.201784
123 9 Car 0 0 -1.000000 -1 -1 -1 -1 1.479819 1.613482 3.732120 -3.121254 1.777603 8.899167 1.529649 124.260129
123 47 Pedestrian 0 0 -1.000000 -1 -1 -1 -1 1.677851 0.695552 0.887036 8.917409 1.578073 21.242858 1.548108 0.553391
123 46 Pedestrian 0 0 -1.000000 -1 -1 -1 -1 1.663271 0.661387 0.871652 8.264385 1.523248 21.298408 1.788327 0.201784
124 9 Car 0 0 -1.000000 -1 -1 -1 -1 1.494484 1.613513 3.779575 -3.110461 1.767989 8.304416 1.539475 133.891045
124 46 Pedestrian 0 0 -1.000000 -1 -1 -1 -1 1.663271 0.661387 0.871652 8.282513 1.470767 20.678228 1.788911 0.201784
125 9 Car 0 0 -1.000000 -1 -1 -1 -1 1.509446 1.618861 3.776383 -3.105030 1.746051 7.705208 1.534103 131.274376
125 48 Pedestrian 0 0 -1.000000 -1 -1 -1 -1 1.621846 0.667271 0.854457 9.052484 1.422708 19.481733 1.641673 0.172739
125 46 Pedestrian 0 0 -1.000000 -1 -1 -1 -1 1.663271 0.661387 0.871652 8.299815 1.437954 20.042192 1.789440 0.201784
126 9 Car 0 0 -1.000000 -1 -1 -1 -1 1.468691 1.606292 3.802150 -3.080578 1.724495 7.111331 1.528478 116.523460
126 48 Pedestrian 0 0 -1.000000 -1 -1 -1 -1 1.600208 0.611318 0.883574 9.087781 1.484452 18.683910 1.509230 1.861398
126 47 Pedestrian 0 0 -1.000000 -1 -1 -1 -1 1.677851 0.695552 0.887036 8.973476 1.525498 19.339647 1.550246 0.553391
127 9 Car 0 0 -1.000000 -1 -1 -1 -1 1.485394 1.612120 3.761585 -3.058459 1.745817 6.445050 1.538302 113.044399
127 48 Pedestrian 0 0 -1.000000 -1 -1 -1 -1 1.600208 0.611318 0.883574 9.110331 1.543392 18.019907 1.510722 1.861398
127 47 Pedestrian 0 0 -1.000000 -1 -1 -1 -1 1.677851 0.695552 0.887036 8.996908 1.585568 18.675726 1.551737 0.553391
128 9 Car 0 0 -1.000000 -1 -1 -1 -1 1.485394 1.612120 3.761585 -3.045962 1.760039 5.805702 1.539917 113.044399
128 48 Pedestrian 0 0 -1.000000 -1 -1 -1 -1 1.600208 0.611318 0.883574 9.141477 1.576792 17.361242 1.512337 1.861398
128 47 Pedestrian 0 0 -1.000000 -1 -1 -1 -1 1.677851 0.695552 0.887036 9.029118 1.620152 18.017167 1.553353 0.553391
129 9 Car 0 0 -1.000000 -1 -1 -1 -1 1.485394 1.612120 3.761585 -3.037468 1.772017 5.151794 1.540744 113.044399
129 48 Pedestrian 0 0 -1.000000 -1 -1 -1 -1 1.606203 0.651831 0.919171 9.155210 1.498650 16.434457 1.555128 8.822845
130 9 Car 0 0 -1.000000 -1 -1 -1 -1 1.485394 1.612120 3.761585 -3.028077 1.763489 4.475654 1.541646 113.044399
130 48 Pedestrian 0 0 -1.000000 -1 -1 -1 -1 1.597254 0.658345 0.916563 9.167745 1.480395 15.640437 1.398454 13.365315
130 49 Pedestrian 0 0 -1.000000 -1 -1 -1 -1 1.592799 0.602611 0.749648 8.442778 1.490316 15.539110 1.979615 0.902191
131 9 Car 0 0 -1.000000 -1 -1 -1 -1 1.485394 1.612120 3.761585 -3.011890 1.752718 3.817373 1.542402 113.044399
131 49 Pedestrian 0 0 -1.000000 -1 -1 -1 -1 1.606392 0.629501 0.853214 8.382682 1.480991 14.650704 1.914913 14.981678
131 48 Pedestrian 0 0 -1.000000 -1 -1 -1 -1 1.597190 0.619254 0.882497 9.180031 1.503162 14.741604 1.554206 2.682174
131 50 Car 0 0 -1.000000 -1 -1 -1 -1 1.482726 1.604584 4.211176 -3.479880 2.420504 70.529950 1.574310 0.068926
132 9 Car 0 0 -1.000000 -1 -1 -1 -1 1.485394 1.612120 3.761585 -2.996737 1.746342 3.149536 1.543036 113.044399
132 49 Pedestrian 0 0 -1.000000 -1 -1 -1 -1 1.560947 0.569509 0.812329 8.409609 1.460364 13.810418 1.725413 13.242490
132 48 Pedestrian 0 0 -1.000000 -1 -1 -1 -1 1.599794 0.645469 0.864432 9.213846 1.462533 13.948630 1.568077 10.010028
132 50 Car 0 0 -1.000000 -1 -1 -1 -1 1.469708 1.587561 4.048899 -3.539785 2.378561 69.716480 1.567179 0.044595
133 9 Car 0 0 -1.000000 -1 -1 -1 -1 1.485394 1.612120 3.761585 -2.986225 1.738966 2.471339 1.544098 113.044399
133 49 Pedestrian 0 0 -1.000000 -1 -1 -1 -1 1.527233 0.527687 0.628610 8.405405 1.457573 12.957609 1.870940 20.018693
133 48 Pedestrian 0 0 -1.000000 -1 -1 -1 -1 1.562296 0.593141 0.886962 9.225922 1.400503 13.144170 1.430344 1.412525
133 50 Car 0 0 -1.000000 -1 -1 -1 -1 1.478620 1.599792 3.972347 -3.428593 2.412141 69.026813 1.604375 0.014474
134 49 Pedestrian 0 0 -1.000000 -1 -1 -1 -1 1.515260 0.561241 0.795777 8.405042 1.390059 12.117519 1.704792 9.466711
134 48 Pedestrian 0 0 -1.000000 -1 -1 -1 -1 1.593186 0.648053 0.898246 9.267411 1.435095 12.288930 1.439449 24.362513
135 49 Pedestrian 0 0 -1.000000 -1 -1 -1 -1 1.525552 0.574250 0.775209 8.418071 1.413433 11.321221 1.896809 12.080809
135 48 Pedestrian 0 0 -1.000000 -1 -1 -1 -1 1.595426 0.661215 0.920638 9.319894 1.454551 11.452709 1.477368 8.474854
135 50 Car 0 0 -1.000000 -1 -1 -1 -1 1.542029 1.681133 4.001938 -3.234725 2.472703 67.803928 1.684171 0.113191
136 49 Pedestrian 0 0 -1.000000 -1 -1 -1 -1 1.521181 0.524398 0.670864 8.421067 1.400757 10.517167 1.903495 19.892349
136 52 Car 0 0 -1.000000 -1 -1 -1 -1 1.526584 1.616681 4.149182 -23.329378 -0.613844 45.356117 1.182379 0.016480
136 50 Car 0 0 -1.000000 -1 -1 -1 -1 1.550601 1.711468 4.062281 -3.306414 2.445212 67.199636 1.544906 0.098520
137 49 Pedestrian 0 0 -1.000000 -1 -1 -1 -1 1.576585 0.457791 0.592322 8.368633 1.355493 9.735606 1.958741 5.162277
137 50 Car 0 0 -1.000000 -1 -1 -1 -1 1.528222 1.639619 4.082806 -2.987717 2.378598 66.502766 1.722517 0.009359
138 50 Car 0 0 -1.000000 -1 -1 -1 -1 1.559482 1.658791 4.089519 -3.101441 2.406777 65.748755 1.660378 0.055785
139 50 Car 0 0 -1.000000 -1 -1 -1 -1 1.515675 1.622578 3.943928 -3.042264 2.347128 65.036668 1.593831 0.037921
140 50 Car 0 0 -1.000000 -1 -1 -1 -1 1.547363 1.634233 3.990855 -2.911085 2.347932 64.225943 1.682891 0.080003
141 50 Car 0 0 -1.000000 -1 -1 -1 -1 1.547200 1.645589 4.031981 -2.924080 2.288671 63.524866 1.613808 0.117818
142 50 Car 0 0 -1.000000 -1 -1 -1 -1 1.504960 1.610741 4.076192 -2.771698 2.273828 62.764250 1.679928 0.007323
146 53 Car 0 0 -1.000000 -1 -1 -1 -1 1.482774 1.600082 4.091397 -3.113402 2.084574 59.729168 1.608954 0.045183
148 53 Car 0 0 -1.000000 -1 -1 -1 -1 1.482304 1.608220 4.137975 -3.099484 2.028920 58.224606 1.621960 0.052066
149 53 Car 0 0 -1.000000 -1 -1 -1 -1 1.500824 1.600771 4.017035 -3.117927 2.046654 57.461797 1.607212 0.108287
150 53 Car 0 0 -1.000000 -1 -1 -1 -1 1.479676 1.603396 3.971689 -3.071276 2.007599 56.696139 1.559692 0.026362
151 53 Car 0 0 -1.000000 -1 -1 -1 -1 1.461283 1.581046 4.035047 -3.157186 2.001591 55.927030 1.602618 0.054895
152 53 Car 0 0 -1.000000 -1 -1 -1 -1 1.484649 1.612961 4.220890 -3.305765 1.949273 55.276433 1.605334 1.235365
153 53 Car 0 0 -1.000000 -1 -1 -1 -1 1.489179 1.616447 4.202570 -3.369385 1.904570 54.454456 1.550440 0.995232
154 53 Car 0 0 -1.000000 -1 -1 -1 -1 1.460726 1.580490 4.043560 -3.365221 1.902587 53.599731 1.604530 1.450938
155 53 Car 0 0 -1.000000 -1 -1 -1 -1 1.506588 1.600112 4.050717 -3.386245 1.966715 52.804802 1.590597 3.778797
156 53 Car 0 0 -1.000000 -1 -1 -1 -1 1.556263 1.671944 4.190264 -3.546943 1.994298 52.187083 1.605534 5.095649
157 55 Pedestrian 0 0 -1.000000 -1 -1 -1 -1 1.751511 0.525755 0.621994 14.138376 1.212077 26.179914 1.583953 0.464207
157 53 Car 0 0 -1.000000 -1 -1 -1 -1 1.532777 1.671383 4.070557 -3.664089 2.029585 51.366040 1.526650 7.610323
158 53 Car 0 0 -1.000000 -1 -1 -1 -1 1.483759 1.608314 4.111955 -3.647221 2.012118 50.579695 1.602302 3.401149
159 53 Car 0 0 -1.000000 -1 -1 -1 -1 1.517860 1.634648 4.197932 -3.759508 1.948641 49.824441 1.559257 11.560287
160 53 Car 0 0 -1.000000 -1 -1 -1 -1 1.551234 1.612415 4.085664 -3.818040 1.902349 48.983353 1.558270 4.267471
161 53 Car 0 0 -1.000000 -1 -1 -1 -1 1.513348 1.601439 3.969652 -3.781443 1.854537 48.104005 1.561882 2.777240
162 53 Car 0 0 -1.000000 -1 -1 -1 -1 1.508217 1.658539 4.256651 -3.921012 1.830787 47.410988 1.532880 2.072665
163 53 Car 0 0 -1.000000 -1 -1 -1 -1 1.506094 1.657078 4.217462 -3.870519 1.795535 46.612177 1.591875 1.274166
164 56 Pedestrian 0 0 -1.000000 -1 -1 -1 -1 1.813163 0.622288 1.019891 4.055417 0.920473 13.521870 1.353049 0.023100
164 53 Car 0 0 -1.000000 -1 -1 -1 -1 1.480612 1.616156 3.873933 -4.014889 1.887935 45.524215 1.603401 0.259778
165 56 Pedestrian 0 0 -1.000000 -1 -1 -1 -1 1.801199 0.643245 0.960011 4.032318 0.884273 12.636815 1.412573 0.089858
165 53 Car 0 0 -1.000000 -1 -1 -1 -1 1.475593 1.586142 3.993378 -3.808197 1.867164 44.704512 1.542359 0.166785
166 56 Pedestrian 0 0 -1.000000 -1 -1 -1 -1 1.809368 0.617093 1.020623 4.004020 1.007263 11.959971 1.363957 0.036944
166 53 Car 0 0 -1.000000 -1 -1 -1 -1 1.529596 1.617592 4.178439 -3.944431 1.975557 44.024372 1.570674 0.886363
167 53 Car 0 0 -1.000000 -1 -1 -1 -1 1.525641 1.671379 4.240332 -3.925536 1.924405 43.163658 1.576274 0.931249
168 56 Pedestrian 0 0 -1.000000 -1 -1 -1 -1 1.828320 0.617443 1.042964 4.029189 0.981659 10.283247 1.353829 0.040484
168 53 Car 0 0 -1.000000 -1 -1 -1 -1 1.499496 1.613144 3.968289 -3.872352 1.994747 42.147972 1.602962 0.271708
169 56 Pedestrian 0 0 -1.000000 -1 -1 -1 -1 1.823440 0.617937 1.056906 4.006067 0.999204 9.396282 1.324816 0.008379
169 53 Car 0 0 -1.000000 -1 -1 -1 -1 1.466712 1.588767 4.211839 -3.880827 2.036294 41.474397 1.622940 0.609112
170 56 Pedestrian 0 0 -1.000000 -1 -1 -1 -1 1.799274 0.632440 1.031223 3.986961 1.003125 8.539365 1.311722 0.152436
170 53 Car 0 0 -1.000000 -1 -1 -1 -1 1.495917 1.603390 4.163372 -3.863141 2.040337 40.633955 1.608007 9.035664
171 53 Car 0 0 -1.000000 -1 -1 -1 -1 1.472953 1.595668 4.171634 -3.694535 1.944881 39.732347 1.636698 15.181042
172 53 Car 0 0 -1.000000 -1 -1 -1 -1 1.544841 1.668503 4.213085 -3.774613 1.977162 38.885367 1.581759 19.814430
173 53 Car 0 0 -1.000000 -1 -1 -1 -1 1.531837 1.648295 4.127410 -3.616258 1.968280 38.001774 1.617522 8.505255
174 53 Car 0 0 -1.000000 -1 -1 -1 -1 1.506540 1.659241 3.979229 -3.642400 1.994927 37.100690 1.575553 13.969598
174 59 Car 0 0 -1.000000 -1 -1 -1 -1 1.465769 1.605512 3.727639 -2.452131 2.186751 67.069810 1.620350 0.070227
175 53 Car 0 0 -1.000000 -1 -1 -1 -1 1.506572 1.711704 4.328592 -3.626804 1.904784 36.294344 1.576051 14.738697
176 53 Car 0 0 -1.000000 -1 -1 -1 -1 1.503420 1.694722 4.258146 -3.536243 1.826894 35.434235 1.607472 12.757120
176 59 Car 0 0 -1.000000 -1 -1 -1 -1 1.508672 1.649070 3.965956 -2.471945 1.755603 64.298160 1.594457 0.017717
177 53 Car 0 0 -1.000000 -1 -1 -1 -1 1.446315 1.613873 4.257416 -3.603749 1.813477 34.564573 1.568064 25.098079
177 60 Pedestrian 0 0 -1.000000 -1 -1 -1 -1 1.813271 0.699793 0.684055 -5.712766 1.721791 38.784259 1.601908 12.553416
177 61 Car 0 0 -1.000000 -1 -1 -1 -1 1.520252 1.631102 3.700229 1.968905 1.810720 57.249924 1.414018 0.018247
177 59 Car 0 0 -1.000000 -1 -1 -1 -1 1.512985 1.670162 3.976433 -2.384212 1.860564 62.993660 1.778372 0.054642
178 53 Car 0 0 -1.000000 -1 -1 -1 -1 1.506472 1.686890 4.016004 -3.491890 1.914491 33.607871 1.593942 20.165795
178 59 Car 0 0 -1.000000 -1 -1 -1 -1 1.469752 1.613505 3.745457 -2.661169 2.096485 61.448605 1.503231 0.037406
179 53 Car 0 0 -1.000000 -1 -1 -1 -1 1.482895 1.684581 4.279454 -3.498236 1.924133 32.833851 1.582092 18.690962
179 59 Car 0 0 -1.000000 -1 -1 -1 -1 1.477253 1.636619 3.971225 -2.120371 2.058167 60.113256 1.839855 0.591188
180 53 Car 0 0 -1.000000 -1 -1 -1 -1 1.492132 1.672875 4.263993 -3.516167 1.888597 31.849094 1.550142 27.283886
180 59 Car 0 0 -1.000000 -1 -1 -1 -1 1.497595 1.625328 3.688753 -2.085968 2.024627 58.687907 1.941414 1.382759
181 53 Car 0 0 -1.000000 -1 -1 -1 -1 1.501881 1.630593 4.181128 -3.476583 1.748167 30.947090 1.610117 28.818484
181 59 Car 0 0 -1.000000 -1 -1 -1 -1 1.497595 1.625328 3.688753 -2.026454 1.977370 57.288649 1.941560 1.382759
182 53 Car 0 0 -1.000000 -1 -1 -1 -1 1.475682 1.631939 4.185618 -3.473811 1.716257 30.088468 1.615404 29.881330
182 59 Car 0 0 -1.000000 -1 -1 -1 -1 1.475141 1.611514 3.989670 -2.641162 1.679789 55.975595 1.631248 0.629632
183 53 Car 0 0 -1.000000 -1 -1 -1 -1 1.462411 1.683147 4.214147 -3.493868 1.823785 29.229232 1.589930 34.067116
183 62 Car 0 0 -1.000000 -1 -1 -1 -1 2.155168 1.741051 4.660793 -7.631129 1.749394 29.771717 1.560765 0.053958
183 59 Car 0 0 -1.000000 -1 -1 -1 -1 1.502456 1.615290 3.759675 -2.489824 1.914924 54.634439 1.628576 1.720348
184 53 Car 0 0 -1.000000 -1 -1 -1 -1 1.445173 1.663710 4.363062 -3.489088 1.976015 28.334144 1.596984 45.667320
184 59 Car 0 0 -1.000000 -1 -1 -1 -1 1.533577 1.624436 3.780035 -2.656114 2.179755 53.368172 1.582262 3.045117
185 53 Car 0 0 -1.000000 -1 -1 -1 -1 1.497387 1.637134 4.265556 -3.493148 2.065538 27.428686 1.583919 46.886617
185 59 Car 0 0 -1.000000 -1 -1 -1 -1 1.483912 1.631673 3.787030 -2.745445 2.320202 51.936123 1.592948 2.001686
186 53 Car 0 0 -1.000000 -1 -1 -1 -1 1.484019 1.682540 4.395282 -3.506681 2.048967 26.556042 1.571536 39.791515
186 59 Car 0 0 -1.000000 -1 -1 -1 -1 1.500285 1.631362 3.655488 -2.749388 2.342416 50.581380 1.526163 2.126323
187 53 Car 0 0 -1.000000 -1 -1 -1 -1 1.440197 1.674673 4.328250 -3.497415 2.041420 25.641420 1.603709 48.406104
187 59 Car 0 0 -1.000000 -1 -1 -1 -1 1.500784 1.598798 3.928916 -2.730319 2.439163 49.403857 1.611001 4.800928
188 53 Car 0 0 -1.000000 -1 -1 -1 -1 1.451658 1.662829 4.328608 -3.498174 2.077414 24.690191 1.571640 62.186153
188 59 Car 0 0 -1.000000 -1 -1 -1 -1 1.494297 1.680351 3.922335 -2.785017 2.452847 48.077089 1.552961 4.318806
189 53 Car 0 0 -1.000000 -1 -1 -1 -1 1.453007 1.626472 4.286754 -3.510306 2.098552 23.834283 1.577414 64.375721
189 59 Car 0 0 -1.000000 -1 -1 -1 -1 1.566966 1.615523 3.830415 -2.694456 2.544956 46.744537 1.565097 4.445939
190 53 Car 0 0 -1.000000 -1 -1 -1 -1 1.465055 1.663230 4.310205 -3.489457 1.995923 22.913866 1.576148 75.342563
190 59 Car 0 0 -1.000000 -1 -1 -1 -1 1.487645 1.627245 3.769999 -2.784941 2.309947 45.453814 1.575810 4.949539
190 65 Car 0 0 -1.000000 -1 -1 -1 -1 1.494674 1.616067 3.792419 2.146086 2.167820 45.536680 1.361237 0.089131
191 53 Car 0 0 -1.000000 -1 -1 -1 -1 1.474471 1.641908 4.205081 -3.477525 1.880355 21.950703 1.582221 86.192812
191 59 Car 0 0 -1.000000 -1 -1 -1 -1 1.485569 1.596739 3.773155 -2.850382 2.072480 44.080971 1.492344 7.529504
192 53 Car 0 0 -1.000000 -1 -1 -1 -1 1.463443 1.634724 4.293757 -3.447242 1.816029 21.094796 1.576998 78.501101
192 59 Car 0 0 -1.000000 -1 -1 -1 -1 1.507945 1.656099 3.759114 -2.912806 1.998551 42.798728 1.483952 12.150471
193 53 Car 0 0 -1.000000 -1 -1 -1 -1 1.458977 1.664016 4.344665 -3.473601 1.879190 20.158507 1.577515 91.102053
193 59 Car 0 0 -1.000000 -1 -1 -1 -1 1.512987 1.600107 3.937233 -2.712999 2.120859 41.808741 1.586347 12.719793
194 53 Car 0 0 -1.000000 -1 -1 -1 -1 1.454123 1.653113 4.322880 -3.424791 1.906430 19.306110 1.570571 85.607831
194 59 Car 0 0 -1.000000 -1 -1 -1 -1 1.508620 1.614321 3.487041 -2.667616 2.205389 40.371155 1.603830 24.410055
194 67 Car 0 0 -1.000000 -1 -1 -1 -1 1.512186 1.612556 3.811854 -2.329326 2.102918 50.743793 1.386360 0.017118
195 53 Car 0 0 -1.000000 -1 -1 -1 -1 1.480075 1.673828 4.335775 -3.407519 1.898352 18.375504 1.597781 101.432075
195 59 Car 0 0 -1.000000 -1 -1 -1 -1 1.514073 1.591832 3.695462 -2.668947 2.204146 39.184078 1.585896 17.070277
195 67 Car 0 0 -1.000000 -1 -1 -1 -1 1.508986 1.601287 3.747444 -2.261449 2.027768 49.401980 1.444773 0.034956
196 53 Car 0 0 -1.000000 -1 -1 -1 -1 1.475238 1.659536 4.257559 -3.413995 1.830753 17.446302 1.578686 107.669164
196 59 Car 0 0 -1.000000 -1 -1 -1 -1 1.471232 1.620558 3.797310 -2.622858 2.018174 38.006893 1.582954 15.035392
197 53 Car 0 0 -1.000000 -1 -1 -1 -1 1.450368 1.654482 4.296435 -3.403687 1.787934 16.546780 1.588251 101.903384
197 59 Car 0 0 -1.000000 -1 -1 -1 -1 1.478946 1.599354 3.592975 -2.677025 1.978168 36.725549 1.577343 15.004302
198 53 Car 0 0 -1.000000 -1 -1 -1 -1 1.464540 1.671367 4.333624 -3.359255 1.796771 15.651917 1.584607 104.497542
198 59 Car 0 0 -1.000000 -1 -1 -1 -1 1.465161 1.628731 3.648224 -2.575177 1.915905 35.573795 1.548776 15.428489
199 53 Car 0 0 -1.000000 -1 -1 -1 -1 1.469876 1.657577 4.268546 -3.365173 1.815639 14.763438 1.582909 120.096393
199 59 Car 0 0 -1.000000 -1 -1 -1 -1 1.475022 1.632395 3.676996 -2.562237 1.950099 34.352298 1.562759 16.639392
199 69 Car 0 0 -1.000000 -1 -1 -1 -1 1.520487 1.607113 3.685868 -2.017761 1.961869 44.314568 1.553279 0.017776
200 53 Car 0 0 -1.000000 -1 -1 -1 -1 1.463696 1.654034 4.274203 -3.344268 1.808352 13.864081 1.579906 127.987163
200 59 Car 0 0 -1.000000 -1 -1 -1 -1 1.477227 1.612550 3.721588 -2.514408 1.951990 33.291264 1.594436 31.771847
200 69 Car 0 0 -1.000000 -1 -1 -1 -1 1.510159 1.574986 3.602022 -2.123236 1.979776 42.979970 1.528852 0.320481
201 53 Car 0 0 -1.000000 -1 -1 -1 -1 1.453137 1.656060 4.279668 -3.347313 1.786733 12.955489 1.581568 123.200659
201 59 Car 0 0 -1.000000 -1 -1 -1 -1 1.530770 1.606951 3.759801 -2.597545 1.932080 32.141621 1.556807 24.900667
201 69 Car 0 0 -1.000000 -1 -1 -1 -1 1.510159 1.574986 3.602022 -2.248817 1.955899 41.648489 1.529110 0.320481
202 53 Car 0 0 -1.000000 -1 -1 -1 -1 1.451997 1.654181 4.289246 -3.331500 1.783438 12.098188 1.579275 112.156741
202 59 Car 0 0 -1.000000 -1 -1 -1 -1 1.460373 1.624173 3.621041 -2.531210 1.901449 30.936623 1.598073 20.078544
202 69 Car 0 0 -1.000000 -1 -1 -1 -1 1.492489 1.583569 3.660985 -2.034120 1.898633 40.613272 1.564095 0.278844
203 53 Car 0 0 -1.000000 -1 -1 -1 -1 1.472656 1.692680 4.324201 -3.336421 1.799371 11.212154 1.578436 125.386852
203 59 Car 0 0 -1.000000 -1 -1 -1 -1 1.514154 1.626351 3.802392 -2.560725 1.950155 29.883466 1.601527 42.277740
203 69 Car 0 0 -1.000000 -1 -1 -1 -1 1.514314 1.583794 3.608757 -2.061660 1.900195 39.505693 1.530118 4.773542
204 53 Car 0 0 -1.000000 -1 -1 -1 -1 1.476044 1.699208 4.359795 -3.354898 1.802046 10.336509 1.574191 124.300789
204 59 Car 0 0 -1.000000 -1 -1 -1 -1 1.477287 1.620907 3.728657 -2.595493 1.880025 28.732985 1.544097 27.932314
204 69 Car 0 0 -1.000000 -1 -1 -1 -1 1.482520 1.572143 3.670375 -2.224473 1.821766 38.465805 1.609235 4.228168
205 53 Car 0 0 -1.000000 -1 -1 -1 -1 1.482564 1.685521 4.282193 -3.354432 1.803700 9.416372 1.581742 127.346559
205 59 Car 0 0 -1.000000 -1 -1 -1 -1 1.468305 1.587790 3.598069 -2.568981 1.844672 27.663343 1.577390 41.105830
205 69 Car 0 0 -1.000000 -1 -1 -1 -1 1.453042 1.502895 3.215203 -2.359186 1.826401 37.014689 1.568326 12.023081
205 70 Pedestrian 0 0 -1.000000 -1 -1 -1 -1 1.881013 0.574940 1.152617 6.022829 1.467598 57.163216 6.589406 0.008639
206 53 Car 0 0 -1.000000 -1 -1 -1 -1 1.484472 1.701513 4.360532 -3.366710 1.753542 8.555267 1.581811 110.862088
206 59 Car 0 0 -1.000000 -1 -1 -1 -1 1.482068 1.642015 3.754269 -2.631346 1.727902 26.672409 1.574215 37.667035
206 72 Pedestrian 0 0 -1.000000 -1 -1 -1 -1 1.717399 0.523251 0.561475 8.261724 1.336487 31.062668 1.858513 0.774287
206 69 Car 0 0 -1.000000 -1 -1 -1 -1 1.482852 1.457672 2.822295 -2.298903 1.713731 35.738867 1.640873 10.639560
207 53 Car 0 0 -1.000000 -1 -1 -1 -1 1.465688 1.684738 4.342940 -3.368475 1.718625 7.685154 1.570133 97.674937
207 59 Car 0 0 -1.000000 -1 -1 -1 -1 1.501147 1.621924 3.818731 -2.622289 1.678680 25.611996 1.569569 39.345283
207 72 Pedestrian 0 0 -1.000000 -1 -1 -1 -1 1.729200 0.521898 0.518439 8.271734 1.233715 30.017480 1.784714 0.257574
207 69 Car 0 0 -1.000000 -1 -1 -1 -1 1.525668 1.513663 3.171667 -2.345039 1.608388 34.892653 1.571358 10.533836
208 53 Car 0 0 -1.000000 -1 -1 -1 -1 1.474156 1.679509 4.322123 -3.383726 1.705853 6.807407 1.571823 76.570231
208 59 Car 0 0 -1.000000 -1 -1 -1 -1 1.470602 1.629855 3.703751 -2.628008 1.630536 24.451644 1.594857 51.016455
208 72 Pedestrian 0 0 -1.000000 -1 -1 -1 -1 1.706151 0.679231 0.669593 8.235750 1.232143 29.004674 1.612907 0.589492
208 69 Car 0 0 -1.000000 -1 -1 -1 -1 1.434180 1.477046 3.109294 -2.357131 1.563576 33.652168 1.577488 14.926682
209 53 Car 0 0 -1.000000 -1 -1 -1 -1 1.474156 1.679509 4.322123 -3.388564 1.688600 5.938706 1.570460 76.570231
209 59 Car 0 0 -1.000000 -1 -1 -1 -1 1.464488 1.619787 3.584268 -2.681982 1.677778 23.385390 1.556237 59.255338
209 72 Pedestrian 0 0 -1.000000 -1 -1 -1 -1 1.751994 0.606378 0.496406 8.235078 1.413287 27.981308 1.708491 12.511691
209 69 Car 0 0 -1.000000 -1 -1 -1 -1 1.558601 1.485635 2.789988 -2.415520 1.568845 32.354025 1.562598 21.729868
210 53 Car 0 0 -1.000000 -1 -1 -1 -1 1.474156 1.679509 4.322123 -3.387961 1.697735 5.062950 1.569908 76.570231
210 59 Car 0 0 -1.000000 -1 -1 -1 -1 1.477622 1.635797 3.697631 -2.635724 1.730114 22.383702 1.581242 62.398238
210 72 Pedestrian 0 0 -1.000000 -1 -1 -1 -1 1.733618 0.559772 0.544795 8.253958 1.288827 26.960666 1.604157 18.452198
210 69 Car 0 0 -1.000000 -1 -1 -1 -1 1.527634 1.491479 3.058207 -2.325236 1.641609 31.440364 1.579034 21.987170
211 53 Car 0 0 -1.000000 -1 -1 -1 -1 1.474156 1.679509 4.322123 -3.390354 1.716458 4.169985 1.570217 76.570231
211 59 Car 0 0 -1.000000 -1 -1 -1 -1 1.448749 1.628540 3.705980 -2.639778 1.785175 21.312853 1.569522 70.244583
211 72 Pedestrian 0 0 -1.000000 -1 -1 -1 -1 1.699250 0.549811 0.551595 8.252935 1.318482 25.991249 1.687739 22.769730
211 69 Car 0 0 -1.000000 -1 -1 -1 -1 1.533245 1.483719 2.826736 -2.333286 1.696856 30.220743 1.601796 28.510343
212 53 Car 0 0 -1.000000 -1 -1 -1 -1 1.474156 1.679509 4.322123 -3.385727 1.727390 3.302674 1.570648 76.570231
212 59 Car 0 0 -1.000000 -1 -1 -1 -1 1.504687 1.628941 3.679201 -2.628581 1.802967 20.271286 1.580431 69.060026
212 72 Pedestrian 0 0 -1.000000 -1 -1 -1 -1 1.695240 0.485302 0.518151 8.269466 1.316029 24.990666 1.599101 15.670359
212 69 Car 0 0 -1.000000 -1 -1 -1 -1 1.518076 1.477026 2.986352 -2.407329 1.711513 29.165631 1.653958 18.250872
213 53 Car 0 0 -1.000000 -1 -1 -1 -1 1.474156 1.679509 4.322123 -3.384256 1.735329 2.423688 1.571323 76.570231
213 59 Car 0 0 -1.000000 -1 -1 -1 -1 1.489589 1.636190 3.644017 -2.626822 1.770448 19.225311 1.571503 93.334178
213 72 Pedestrian 0 0 -1.000000 -1 -1 -1 -1 1.735657 0.477058 0.567513 8.289924 1.313484 24.003195 1.518729 23.023021
213 69 Car 0 0 -1.000000 -1 -1 -1 -1 1.545012 1.470491 2.748919 -2.311460 1.678380 27.942780 1.613487 26.278490
214 59 Car 0 0 -1.000000 -1 -1 -1 -1 1.495975 1.635223 3.632126 -2.605864 1.703196 18.171828 1.572220 74.065486
214 72 Pedestrian 0 0 -1.000000 -1 -1 -1 -1 1.716961 0.492637 0.557610 8.304639 1.224179 22.925454 1.746788 29.406136
214 69 Car 0 0 -1.000000 -1 -1 -1 -1 1.511567 1.477854 2.760682 -2.355095 1.632312 26.905694 1.611776 36.181770
215 59 Car 0 0 -1.000000 -1 -1 -1 -1 1.488253 1.633970 3.662715 -2.618582 1.705287 17.127317 1.569713 93.890948
215 72 Pedestrian 0 0 -1.000000 -1 -1 -1 -1 1.666981 0.506283 0.593472 8.333292 1.262842 21.906638 1.639513 42.302520
215 69 Car 0 0 -1.000000 -1 -1 -1 -1 1.535168 1.469187 2.674660 -2.368004 1.619650 25.807326 1.600495 41.619114
216 59 Car 0 0 -1.000000 -1 -1 -1 -1 1.497027 1.617763 3.553143 -2.604760 1.748677 16.065558 1.561271 93.855094
216 72 Pedestrian 0 0 -1.000000 -1 -1 -1 -1 1.664392 0.508104 0.551094 8.288441 1.324712 20.892812 1.655768 26.964273
216 69 Car 0 0 -1.000000 -1 -1 -1 -1 1.571809 1.493873 2.918071 -2.434125 1.654299 24.797524 1.615355 38.677579
217 59 Car 0 0 -1.000000 -1 -1 -1 -1 1.473872 1.597882 3.636972 -2.601206 1.751184 15.044811 1.572925 106.495222
217 69 Car 0 0 -1.000000 -1 -1 -1 -1 1.520972 1.482719 2.744345 -2.413908 1.707560 23.706156 1.590771 47.209926
218 59 Car 0 0 -1.000000 -1 -1 -1 -1 1.499055 1.618767 3.635446 -2.646126 1.757179 14.023951 1.567002 95.043421
218 75 Pedestrian 0 0 -1.000000 -1 -1 -1 -1 1.595935 0.579499 0.779413 8.220566 1.299706 18.927767 1.942047 21.828328
218 69 Car 0 0 -1.000000 -1 -1 -1 -1 1.530531 1.502303 2.722131 -2.443933 1.706660 22.680371 1.591442 43.497266
219 59 Car 0 0 -1.000000 -1 -1 -1 -1 1.496894 1.614978 3.586891 -2.671030 1.735435 13.002972 1.545567 102.652220
219 75 Pedestrian 0 0 -1.000000 -1 -1 -1 -1 1.582877 0.605395 0.803967 8.185392 1.252425 17.924284 1.560427 28.154810
219 69 Car 0 0 -1.000000 -1 -1 -1 -1 1.565528 1.509332 2.921639 -2.511481 1.669597 21.664856 1.600519 53.601288
219 76 Car 0 0 -1.000000 -1 -1 -1 -1 1.400897 1.595042 3.902775 -25.775932 -1.026421 65.801920 1.442406 0.056259
220 59 Car 0 0 -1.000000 -1 -1 -1 -1 1.462138 1.602902 3.562281 -2.676134 1.679853 11.966331 1.554792 97.922090
220 75 Pedestrian 0 0 -1.000000 -1 -1 -1 -1 1.620618 0.612355 0.761510 8.180032 1.241092 16.935460 1.709078 22.728132
220 69 Car 0 0 -1.000000 -1 -1 -1 -1 1.541927 1.499319 2.789138 -2.549480 1.610401 20.591170 1.604159 48.021304
221 59 Car 0 0 -1.000000 -1 -1 -1 -1 1.496211 1.628951 3.634689 -2.697894 1.682136 10.980152 1.549914 111.264719
221 75 Pedestrian 0 0 -1.000000 -1 -1 -1 -1 1.650706 0.489825 0.616767 8.144928 1.182388 15.982252 1.633789 29.452208
221 69 Car 0 0 -1.000000 -1 -1 -1 -1 1.554948 1.501096 2.792981 -2.578562 1.583078 19.496699 1.575211 61.624244
222 59 Car 0 0 -1.000000 -1 -1 -1 -1 1.511415 1.625694 3.587684 -2.699703 1.687856 9.984754 1.563428 111.590359
222 75 Pedestrian 0 0 -1.000000 -1 -1 -1 -1 1.575032 0.499999 0.672950 8.123524 1.065035 14.985026 1.478682 43.925947
222 69 Car 0 0 -1.000000 -1 -1 -1 -1 1.530629 1.510155 2.741366 -2.612988 1.557340 18.502438 1.585565 60.827025
223 59 Car 0 0 -1.000000 -1 -1 -1 -1 1.505791 1.630976 3.637856 -2.730951 1.709045 8.983566 1.555084 99.629607
223 75 Pedestrian 0 0 -1.000000 -1 -1 -1 -1 1.576909 0.539940 0.740583 8.107782 1.119300 13.985002 1.538459 55.636832
223 69 Car 0 0 -1.000000 -1 -1 -1 -1 1.558984 1.504739 2.718530 -2.593757 1.594153 17.476177 1.583225 63.701729
224 59 Car 0 0 -1.000000 -1 -1 -1 -1 1.515704 1.624590 3.661217 -2.690276 1.764358 8.037603 1.557692 102.439480
224 75 Pedestrian 0 0 -1.000000 -1 -1 -1 -1 1.575267 0.514127 0.668971 8.097485 1.179233 12.998259 1.661891 46.313997
224 69 Car 0 0 -1.000000 -1 -1 -1 -1 1.573090 1.501489 2.632168 -2.564716 1.729088 16.398839 1.577003 79.116333
225 59 Car 0 0 -1.000000 -1 -1 -1 -1 1.482447 1.614200 3.647967 -2.684149 1.814144 7.029826 1.551329 81.344277
225 75 Pedestrian 0 0 -1.000000 -1 -1 -1 -1 1.597348 0.469262 0.573250 8.100518 1.197453 12.000658 1.654963 41.790247
225 69 Car 0 0 -1.000000 -1 -1 -1 -1 1.580417 1.511381 2.686677 -2.550165 1.858515 15.408284 1.571633 76.033233
225 78 Pedestrian 0 0 -1.000000 -1 -1 -1 -1 1.877466 0.658001 0.743188 -5.526230 2.035253 28.283699 1.621032 0.009516
226 59 Car 0 0 -1.000000 -1 -1 -1 -1 1.485771 1.639180 3.768751 -2.703018 1.796767 6.097339 1.558246 82.660939
226 75 Pedestrian 0 0 -1.000000 -1 -1 -1 -1 1.605974 0.484927 0.702555 8.078747 1.189659 11.074803 1.796293 33.554605
226 69 Car 0 0 -1.000000 -1 -1 -1 -1 1.581951 1.525576 2.717881 -2.537422 1.866798 14.497256 1.586454 65.965681
226 78 Pedestrian 0 0 -1.000000 -1 -1 -1 -1 1.856970 0.685770 0.709666 -5.520329 2.105998 27.051838 1.444046 0.090787
227 59 Car 0 0 -1.000000 -1 -1 -1 -1 1.485771 1.639180 3.768751 -2.702804 1.797992 5.083216 1.558106 82.660939
227 75 Pedestrian 0 0 -1.000000 -1 -1 -1 -1 1.616671 0.467793 0.566780 8.084666 1.157303 10.089756 1.746720 47.855696
227 69 Car 0 0 -1.000000 -1 -1 -1 -1 1.584798 1.531907 2.722346 -2.573093 1.780765 13.513407 1.583942 73.404514
227 78 Pedestrian 0 0 -1.000000 -1 -1 -1 -1 1.875574 0.682180 0.805912 -5.516102 1.884221 25.791201 1.474564 0.015354
228 59 Car 0 0 -1.000000 -1 -1 -1 -1 1.485771 1.639180 3.768751 -2.697412 1.769837 4.089034 1.557768 82.660939
228 69 Car 0 0 -1.000000 -1 -1 -1 -1 1.590398 1.514130 2.627449 -2.549809 1.692133 12.520177 1.586043 71.112100
228 78 Pedestrian 0 0 -1.000000 -1 -1 -1 -1 1.899089 0.687436 0.843855 -5.497765 1.789939 24.566119 1.630765 0.092255
229 59 Car 0 0 -1.000000 -1 -1 -1 -1 1.485771 1.639180 3.768751 -2.692140 1.747809 3.066130 1.557580 82.660939
229 69 Car 0 0 -1.000000 -1 -1 -1 -1 1.546957 1.511082 2.673937 -2.581252 1.649042 11.626041 1.593640 77.668550
229 78 Pedestrian 0 0 -1.000000 -1 -1 -1 -1 1.872265 0.669169 0.746678 -5.438528 1.688707 23.326088 1.622407 0.080385
230 59 Car 0 0 -1.000000 -1 -1 -1 -1 1.485771 1.639180 3.768751 -2.688931 1.745549 2.047644 1.557827 82.660939
230 69 Car 0 0 -1.000000 -1 -1 -1 -1 1.587423 1.504013 2.637550 -2.534906 1.721898 10.634017 1.597586 80.882364
230 78 Pedestrian 0 0 -1.000000 -1 -1 -1 -1 1.771278 0.664560 0.700470 -5.430555 1.728545 22.131886 1.635311 0.054792
231 69 Car 0 0 -1.000000 -1 -1 -1 -1 1.554437 1.528455 2.707791 -2.552409 1.739261 9.770793 1.585654 73.544589
232 69 Car 0 0 -1.000000 -1 -1 -1 -1 1.581821 1.511475 2.662825 -2.560768 1.765835 8.760022 1.584238 72.415110
233 69 Car 0 0 -1.000000 -1 -1 -1 -1 1.598633 1.525690 2.715877 -2.537072 1.783438 7.879991 1.574706 74.091750
234 69 Car 0 0 -1.000000 -1 -1 -1 -1 1.515784 1.493059 2.718067 -2.527713 1.689196 7.027527 1.603464 84.524278
235 69 Car 0 0 -1.000000 -1 -1 -1 -1 1.541890 1.500307 2.666166 -2.525311 1.681110 6.101930 1.603885 67.732777
236 69 Car 0 0 -1.000000 -1 -1 -1 -1 1.541890 1.500307 2.666166 -2.511944 1.691156 5.217775 1.605032 67.732777
237 84 Pedestrian 0 0 -1.000000 -1 -1 -1 -1 1.652089 0.688231 0.579813 -5.112741 1.696929 14.028597 1.454332 12.964163
237 83 Pedestrian 0 0 -1.000000 -1 -1 -1 -1 1.871011 0.671568 0.860269 -5.104061 1.913326 28.457646 1.542528 0.534876
237 85 Car 0 0 -1.000000 -1 -1 -1 -1 1.483400 1.614044 4.089568 -16.247864 2.463743 26.703634 -0.068127 0.549294
238 69 Car 0 0 -1.000000 -1 -1 -1 -1 1.541890 1.500307 2.666166 -2.503669 1.686244 3.387048 1.607250 67.732777
238 83 Pedestrian 0 0 -1.000000 -1 -1 -1 -1 1.871011 0.671568 0.860269 -5.073811 1.937072 27.610851 1.543551 0.534876
239 69 Car 0 0 -1.000000 -1 -1 -1 -1 1.541890 1.500307 2.666166 -2.494541 1.688336 2.540045 1.608325 67.732777
239 83 Pedestrian 0 0 -1.000000 -1 -1 -1 -1 1.871011 0.671568 0.860269 -5.038830 1.950923 26.766453 1.544625 0.534876
240 69 Car 0 0 -1.000000 -1 -1 -1 -1 1.541890 1.500307 2.666166 -2.494950 1.675263 1.588321 1.609692 67.732777
240 88 Car 0 0 -1.000000 -1 -1 -1 -1 1.393911 1.615184 3.890848 -15.162176 2.492954 35.696730 1.544435 0.034101
241 90 Car 0 0 -1.000000 -1 -1 -1 -1 1.698877 1.605246 3.664611 -16.137997 2.323700 23.340500 -0.159777 1.235504
242 90 Car 0 0 -1.000000 -1 -1 -1 -1 1.691311 1.601940 3.686542 -16.484652 2.311254 22.451551 -0.146652 0.205080
242 91 Car 0 0 -1.000000 -1 -1 -1 -1 1.471737 1.612554 4.131871 -2.045703 2.276274 67.970780 1.613255 0.691806
243 90 Car 0 0 -1.000000 -1 -1 -1 -1 1.748419 1.682558 4.107637 -16.455021 2.464422 21.875315 -0.094292 0.971400
243 91 Car 0 0 -1.000000 -1 -1 -1 -1 1.487309 1.611431 4.131063 -2.175191 2.230104 66.639280 1.589513 0.644630
244 90 Car 0 0 -1.000000 -1 -1 -1 -1 1.711355 1.642799 3.833589 -16.475906 2.403770 20.977884 -0.085475 1.078248
244 91 Car 0 0 -1.000000 -1 -1 -1 -1 1.479745 1.620943 3.890508 -2.291672 2.192040 65.028804 1.402591 1.715747
245 91 Car 0 0 -1.000000 -1 -1 -1 -1 1.479745 1.620943 3.890508 -2.215149 2.030524 64.204747 1.403728 1.715747
246 91 Car 0 0 -1.000000 -1 -1 -1 -1 1.505059 1.687139 4.003400 -1.846956 1.783416 62.397858 1.699413 0.736136
247 91 Car 0 0 -1.000000 -1 -1 -1 -1 1.494098 1.648068 3.799263 -1.934774 1.910147 61.053111 1.670737 0.769452
248 91 Car 0 0 -1.000000 -1 -1 -1 -1 1.519370 1.623283 3.841897 -2.006062 1.899383 59.685000 1.527546 4.234206
249 91 Car 0 0 -1.000000 -1 -1 -1 -1 1.474251 1.630266 3.774259 -1.931004 1.806409 58.262501 1.505368 6.399622
250 91 Car 0 0 -1.000000 -1 -1 -1 -1 1.480719 1.592724 3.649466 -2.018690 1.804059 56.891342 1.474117 4.805511
251 91 Car 0 0 -1.000000 -1 -1 -1 -1 1.552877 1.692884 3.978306 -1.780588 1.943104 55.743969 1.644984 3.470037
252 91 Car 0 0 -1.000000 -1 -1 -1 -1 1.479797 1.715553 4.141120 -1.799554 2.021033 54.595088 1.680666 5.563414
253 91 Car 0 0 -1.000000 -1 -1 -1 -1 1.532448 1.638280 3.933511 -2.129941 2.033475 53.256067 1.460000 7.652873
254 91 Car 0 0 -1.000000 -1 -1 -1 -1 1.517436 1.712475 3.948980 -1.969022 1.949952 52.062319 1.626355 8.676289
255 91 Car 0 0 -1.000000 -1 -1 -1 -1 1.489205 1.634947 4.003480 -1.992599 1.904374 50.899815 1.617301 4.870320
256 96 Pedestrian 0 0 -1.000000 -1 -1 -1 -1 1.800612 0.679296 0.838860 8.983646 1.147456 34.349113 1.395789 0.181331
256 97 Pedestrian 0 0 -1.000000 -1 -1 -1 -1 1.840867 0.602963 0.622669 8.596483 1.431115 37.037033 1.442137 0.019617
256 91 Car 0 0 -1.000000 -1 -1 -1 -1 1.508149 1.631577 4.001733 -1.991090 1.845498 49.649166 1.701013 3.792103
