0 2 Car 0 0 -1.000000 -1 -1 -1 -1 1.528502 1.687216 3.887867 -3.581376 1.765257 9.496901 1.572879 104.565776
0 1 Car 0 0 -1.000000 -1 -1 -1 -1 1.679286 1.728140 4.010181 2.353978 1.737759 48.631790 1.674567 13.741049
1 3 Car 0 0 -1.000000 -1 -1 -1 -1 1.514862 1.616618 3.730357 -3.559600 1.764515 6.514244 1.563863 83.922824
1 4 Car 0 0 -1.000000 -1 -1 -1 -1 1.807769 1.737246 3.701863 2.367282 1.822801 48.517040 1.659581 0.465426
2 3 Car 0 0 -1.000000 -1 -1 -1 -1 1.514862 1.616618 3.730357 -3.586326 1.766979 5.134825 1.561510 83.922824
2 4 Car 0 0 -1.000000 -1 -1 -1 -1 1.741368 1.744620 3.570171 2.402549 1.813803 48.455111 1.666016 0.315981
3 4 Car 0 0 -1.000000 -1 -1 -1 -1 1.733112 1.701571 3.890021 2.369855 1.771812 48.499455 1.649500 10.145334
5 4 Car 0 0 -1.000000 -1 -1 -1 -1 1.709422 1.729174 3.946076 2.411961 1.782864 48.500216 1.653331 14.239310
6 4 Car 0 0 -1.000000 -1 -1 -1 -1 1.776431 1.762652 3.789086 2.473341 1.838932 48.406165 1.680314 18.576025
7 4 Car 0 0 -1.000000 -1 -1 -1 -1 1.776431 1.762652 3.789086 2.315417 1.865056 47.025728 1.677042 18.576025
8 4 Car 0 0 -1.000000 -1 -1 -1 -1 1.776431 1.762652 3.789086 2.176355 1.745051 45.656451 1.674064 18.576025
10 4 Car 0 0 -1.000000 -1 -1 -1 -1 1.736224 1.696592 3.597876 2.570063 1.633783 48.073955 1.675113 0.782946
11 4 Car 0 0 -1.000000 -1 -1 -1 -1 1.751103 1.665388 3.781531 2.666453 1.599232 48.112391 1.707178 0.160311
12 4 Car 0 0 -1.000000 -1 -1 -1 -1 1.742483 1.686683 3.750858 2.663770 1.544106 48.101337 1.675477 1.627165
13 4 Car 0 0 -1.000000 -1 -1 -1 -1 1.725136 1.689809 3.711274 2.772071 1.569858 48.081524 1.698149 0.043697
14 4 Car 0 0 -1.000000 -1 -1 -1 -1 1.802356 1.672105 3.978658 2.974915 1.700344 48.066433 1.709067 1.517527
15 4 Car 0 0 -1.000000 -1 -1 -1 -1 1.770734 1.683499 3.813833 3.067751 1.638801 47.941052 1.723679 2.069523
18 4 Car 0 0 -1.000000 -1 -1 -1 -1 1.745401 1.741952 3.744263 3.230515 1.817013 47.825136 1.679343 8.273561
19 4 Car 0 0 -1.000000 -1 -1 -1 -1 1.790316 1.714928 3.770567 3.364730 1.891807 47.742971 1.734824 7.350289
20 4 Car 0 0 -1.000000 -1 -1 -1 -1 1.729633 1.705272 4.022912 3.477712 1.797456 47.817458 1.744399 15.414027
21 4 Car 0 0 -1.000000 -1 -1 -1 -1 1.813135 1.688577 4.128230 3.509133 1.682546 47.782095 1.696648 5.860932
22 4 Car 0 0 -1.000000 -1 -1 -1 -1 1.712779 1.745423 3.841433 3.520899 1.536177 47.665304 1.719222 15.368039
23 4 Car 0 0 -1.000000 -1 -1 -1 -1 1.732345 1.683864 3.765043 3.643732 1.600232 47.451868 1.758950 5.181109
24 11 Car 0 0 -1.000000 -1 -1 -1 -1 1.661809 1.850270 4.176264 7.745830 1.529982 41.191414 1.171701 0.182429
24 4 Car 0 0 -1.000000 -1 -1 -1 -1 1.705444 1.743217 3.896282 3.640080 1.759528 47.571012 1.724439 13.618007
25 11 Car 0 0 -1.000000 -1 -1 -1 -1 1.587560 1.631568 3.955753 8.288299 1.465831 39.163651 2.588473 0.073230
25 4 Car 0 0 -1.000000 -1 -1 -1 -1 1.792983 1.678945 3.874495 3.673329 1.695523 47.456523 1.758562 13.583434
26 4 Car 0 0 -1.000000 -1 -1 -1 -1 1.730905 1.716699 3.495408 3.601238 1.505352 47.315601 1.742960 5.501377
27 4 Car 0 0 -1.000000 -1 -1 -1 -1 1.756414 1.730093 3.690436 3.649667 1.516222 47.313134 1.758135 10.960773
28 4 Car 0 0 -1.000000 -1 -1 -1 -1 1.789070 1.692060 3.804349 3.727989 1.609727 47.281144 1.759760 2.634529
29 4 Car 0 0 -1.000000 -1 -1 -1 -1 1.832719 1.686058 4.041033 3.713019 1.668705 47.336287 1.720950 0.762021
30 4 Car 0 0 -1.000000 -1 -1 -1 -1 1.849028 1.674031 3.924166 3.788896 1.670880 47.255605 1.745732 0.299846
31 4 Car 0 0 -1.000000 -1 -1 -1 -1 1.828250 1.710186 4.145092 3.775816 1.672228 47.247335 1.716221 4.544052
32 4 Car 0 0 -1.000000 -1 -1 -1 -1 1.828250 1.710186 4.145092 3.569140 1.707595 45.835117 1.711536 4.544052
33 4 Car 0 0 -1.000000 -1 -1 -1 -1 1.801537 1.683016 3.983951 3.882519 1.593406 47.009784 1.785125 1.516934
34 4 Car 0 0 -1.000000 -1 -1 -1 -1 1.788126 1.703671 3.889004 3.874368 1.560973 46.926482 1.741826 8.007341
35 4 Car 0 0 -1.000000 -1 -1 -1 -1 1.788126 1.703671 3.889004 3.670440 1.550174 45.498010 1.737578 8.007341
36 4 Car 0 0 -1.000000 -1 -1 -1 -1 1.788126 1.703671 3.889004 3.467767 1.631133 44.055583 1.732758 8.007341
37 4 Car 0 0 -1.000000 -1 -1 -1 -1 1.828266 1.701524 3.984997 3.953556 1.669749 46.712447 1.749282 10.413367
38 4 Car 0 0 -1.000000 -1 -1 -1 -1 1.781195 1.684073 3.925460 4.000650 1.642287 46.621615 1.766314 8.725646
39 4 Car 0 0 -1.000000 -1 -1 -1 -1 1.728656 1.687743 3.801284 3.967743 1.598581 46.492229 1.765651 3.677418
40 4 Car 0 0 -1.000000 -1 -1 -1 -1 1.729112 1.701573 3.808761 3.981129 1.537186 46.364587 1.769596 16.738888
41 4 Car 0 0 -1.000000 -1 -1 -1 -1 1.828223 1.678159 3.832446 3.982550 1.618298 46.272896 1.810994 11.966226
42 4 Car 0 0 -1.000000 -1 -1 -1 -1 1.782262 1.703579 3.927471 3.953939 1.628439 46.214940 1.778220 21.956442
43 4 Car 0 0 -1.000000 -1 -1 -1 -1 1.721866 1.764341 3.799667 3.888575 1.487798 46.055882 1.739328 24.462076
44 15 Pedestrian 0 0 -1.000000 -1 -1 -1 -1 1.883698 0.661478 0.815757 6.026574 1.163620 22.533068 1.733037 0.400785
44 4 Car 0 0 -1.000000 -1 -1 -1 -1 1.747792 1.741224 3.521645 3.909125 1.522065 45.831642 1.767028 11.382253
45 4 Car 0 0 -1.000000 -1 -1 -1 -1 1.747792 1.741224 3.521645 3.634318 1.533480 44.395398 1.760834 11.382253
46 4 Car 0 0 -1.000000 -1 -1 -1 -1 1.763815 1.735015 3.869759 3.895888 1.775744 45.778038 1.760658 12.067091
47 4 Car 0 0 -1.000000 -1 -1 -1 -1 1.797156 1.732130 4.170355 3.908569 1.697492 45.773574 1.729646 11.232760
47 16 Car 0 0 -1.000000 -1 -1 -1 -1 1.461254 1.583010 3.600900 9.331098 1.514397 50.322678 1.850661 0.016002
48 4 Car 0 0 -1.000000 -1 -1 -1 -1 1.738069 1.692238 3.990245 4.064466 1.589521 45.578199 1.800182 16.721178
49 17 Pedestrian 0 0 -1.000000 -1 -1 -1 -1 1.795398 0.639305 0.778228 6.436212 1.083733 9.968344 3.130315 0.169608
49 4 Car 0 0 -1.000000 -1 -1 -1 -1 1.736147 1.732685 3.835477 4.088405 1.513944 45.388470 1.799681 10.245285
50 4 Car 0 0 -1.000000 -1 -1 -1 -1 1.778387 1.671878 4.086225 4.382349 1.654590 45.325229 1.785144 0.279146
50 19 Car 0 0 -1.000000 -1 -1 -1 -1 1.483788 1.630194 3.954314 4.727445 1.677321 61.971516 1.986427 0.320433
51 4 Car 0 0 -1.000000 -1 -1 -1 -1 1.827657 1.724110 3.892832 4.246180 1.701170 45.135676 1.781848 8.115460
51 19 Car 0 0 -1.000000 -1 -1 -1 -1 1.510945 1.643349 3.736980 3.791313 1.837459 59.319444 1.875627 5.044145
52 4 Car 0 0 -1.000000 -1 -1 -1 -1 1.657217 1.733135 3.683393 4.202931 1.703845 44.893692 1.722368 23.216752
52 19 Car 0 0 -1.000000 -1 -1 -1 -1 1.477637 1.612786 4.083665 3.295419 1.941544 56.401208 1.892585 1.545506
53 4 Car 0 0 -1.000000 -1 -1 -1 -1 1.827118 1.704623 4.127421 4.418732 1.837504 44.889192 1.794588 1.846886
53 19 Car 0 0 -1.000000 -1 -1 -1 -1 1.528642 1.712514 4.367410 2.532939 2.050213 53.652022 1.841675 6.579829
54 20 Pedestrian 0 0 -1.000000 -1 -1 -1 -1 1.716357 0.598411 0.780319 -8.045944 1.849900 21.505878 1.641001 0.139254
54 4 Car 0 0 -1.000000 -1 -1 -1 -1 1.821627 1.694950 4.096822 4.398752 1.845774 44.731939 1.785054 9.778993
54 19 Car 0 0 -1.000000 -1 -1 -1 -1 1.503671 1.719803 4.296241 1.932074 1.948309 50.729686 1.885502 9.375157
55 4 Car 0 0 -1.000000 -1 -1 -1 -1 1.783776 1.654388 4.031616 4.402027 1.620957 44.549772 1.797294 21.256420
55 19 Car 0 0 -1.000000 -1 -1 -1 -1 1.471563 1.640867 4.133165 1.285864 1.729181 47.819869 1.895237 5.097512
56 20 Pedestrian 0 0 -1.000000 -1 -1 -1 -1 1.649323 0.517283 0.857721 -8.324625 1.651494 18.389511 1.736063 0.345812
56 4 Car 0 0 -1.000000 -1 -1 -1 -1 1.865952 1.709117 4.259407 4.435035 1.392413 44.487277 1.814155 20.291915
56 19 Car 0 0 -1.000000 -1 -1 -1 -1 1.524486 1.696934 4.241704 0.461719 1.474718 44.931464 1.799365 7.935831
57 19 Car 0 0 -1.000000 -1 -1 -1 -1 1.531868 1.664474 4.356241 -0.098531 1.515285 41.977919 1.775071 22.535529
57 4 Car 0 0 -1.000000 -1 -1 -1 -1 1.811914 1.732764 4.121733 4.354032 1.339185 44.292394 1.781354 8.804710
58 20 Pedestrian 0 0 -1.000000 -1 -1 -1 -1 1.634701 0.533486 0.724687 -8.535784 1.593217 15.280278 1.713886 0.900658
58 19 Car 0 0 -1.000000 -1 -1 -1 -1 1.497617 1.777348 4.301704 -0.664219 1.645978 39.024384 1.788626 32.387032
58 4 Car 0 0 -1.000000 -1 -1 -1 -1 1.773417 1.702751 4.144896 4.340448 1.543143 44.139404 1.790253 15.494826
59 19 Car 0 0 -1.000000 -1 -1 -1 -1 1.482949 1.701658 4.315184 -1.172878 1.751196 36.061061 1.744141 25.726760
59 4 Car 0 0 -1.000000 -1 -1 -1 -1 1.835972 1.658185 4.090329 4.316498 1.658751 43.959597 1.791958 28.298426
60 20 Pedestrian 0 0 -1.000000 -1 -1 -1 -1 1.640486 0.528498 0.542369 -8.738697 1.687645 12.206114 1.367400 0.522904
60 19 Car 0 0 -1.000000 -1 -1 -1 -1 1.462486 1.674234 4.257726 -1.688050 1.706441 33.061347 1.732467 33.143552
60 4 Car 0 0 -1.000000 -1 -1 -1 -1 1.792025 1.660481 3.989762 4.286902 1.606556 43.756379 1.796667 21.593216
61 19 Car 0 0 -1.000000 -1 -1 -1 -1 1.539550 1.727635 4.217606 -2.098502 1.727931 29.986994 1.735389 57.905855
61 4 Car 0 0 -1.000000 -1 -1 -1 -1 1.845101 1.682627 4.225713 4.251907 1.628813 43.667099 1.791542 3.331551
62 19 Car 0 0 -1.000000 -1 -1 -1 -1 1.483368 1.723052 4.358031 -2.512430 1.667175 27.076860 1.677645 66.435212
62 4 Car 0 0 -1.000000 -1 -1 -1 -1 1.772578 1.695281 4.023986 4.259599 1.555690 43.445588 1.821225 23.815582
63 19 Car 0 0 -1.000000 -1 -1 -1 -1 1.461565 1.733096 4.397280 -2.849057 1.648134 24.141309 1.661814 87.374484
63 4 Car 0 0 -1.000000 -1 -1 -1 -1 1.772578 1.695281 4.023986 4.130588 1.526182 43.354973 1.814230 23.815582
64 19 Car 0 0 -1.000000 -1 -1 -1 -1 1.466787 1.727934 4.381693 -3.144729 1.690964 21.070588 1.651237 105.261359
64 4 Car 0 0 -1.000000 -1 -1 -1 -1 1.848565 1.725937 4.126021 4.101171 1.673999 43.203228 1.771425 7.936115
65 19 Car 0 0 -1.000000 -1 -1 -1 -1 1.463976 1.729742 4.397318 -3.415158 1.744003 18.093557 1.629934 114.964846
65 4 Car 0 0 -1.000000 -1 -1 -1 -1 1.818150 1.694430 4.044212 4.089364 1.821373 43.015433 1.764002 8.431795
66 19 Car 0 0 -1.000000 -1 -1 -1 -1 1.473782 1.757029 4.441441 -3.602284 1.748862 15.068651 1.611430 118.075662
66 4 Car 0 0 -1.000000 -1 -1 -1 -1 1.772350 1.675977 4.045458 4.138343 1.763537 42.839436 1.817259 24.545626
67 19 Car 0 0 -1.000000 -1 -1 -1 -1 1.481027 1.747139 4.437925 -3.742252 1.729482 12.129253 1.597340 130.308668
67 4 Car 0 0 -1.000000 -1 -1 -1 -1 1.801874 1.697957 4.231688 4.053455 1.704538 42.728020 1.764989 29.688074
68 19 Car 0 0 -1.000000 -1 -1 -1 -1 1.487377 1.781231 4.479604 -3.828779 1.739103 9.177777 1.584074 137.175336
68 4 Car 0 0 -1.000000 -1 -1 -1 -1 1.794085 1.712887 4.172580 4.030314 1.674031 42.532630 1.750832 0.548890
69 19 Car 0 0 -1.000000 -1 -1 -1 -1 1.487377 1.781231 4.479604 -3.888971 1.748241 7.607188 1.577705 137.175336
69 4 Car 0 0 -1.000000 -1 -1 -1 -1 1.794085 1.712887 4.172580 3.756719 1.636836 41.011480 1.744463 0.548890
70 19 Car 0 0 -1.000000 -1 -1 -1 -1 1.487377 1.781231 4.479604 -4.034182 1.737979 4.609251 1.571048 137.175336
70 4 Car 0 0 -1.000000 -1 -1 -1 -1 1.800527 1.708170 3.875283 4.009358 1.596504 42.048434 1.757046 16.541789
71 4 Car 0 0 -1.000000 -1 -1 -1 -1 1.794828 1.697903 3.934405 4.136560 1.591332 41.902557 1.796363 30.038851
72 4 Car 0 0 -1.000000 -1 -1 -1 -1 1.813377 1.687184 4.182850 4.160018 1.586433 41.812014 1.817194 18.894264
73 4 Car 0 0 -1.000000 -1 -1 -1 -1 1.736684 1.722817 3.994300 4.132621 1.446790 41.551986 1.770934 30.500541
74 4 Car 0 0 -1.000000 -1 -1 -1 -1 1.783130 1.681854 3.983672 4.193056 1.275685 41.362491 1.800447 23.653432
75 4 Car 0 0 -1.000000 -1 -1 -1 -1 1.758874 1.693510 3.973295 4.186953 1.233497 41.178257 1.796233 29.934628
76 4 Car 0 0 -1.000000 -1 -1 -1 -1 1.708424 1.682008 3.861642 4.158876 1.477048 40.951611 1.802053 25.359635
77 4 Car 0 0 -1.000000 -1 -1 -1 -1 1.793561 1.703501 4.074499 4.126899 1.595563 40.841106 1.752554 10.605858
78 4 Car 0 0 -1.000000 -1 -1 -1 -1 1.806483 1.669486 4.188611 4.204015 1.651241 40.694259 1.816588 18.661552
79 4 Car 0 0 -1.000000 -1 -1 -1 -1 1.793598 1.669847 4.076764 4.113953 1.637666 40.452816 1.754146 18.741462
80 4 Car 0 0 -1.000000 -1 -1 -1 -1 1.826549 1.697857 4.111313 4.147542 1.537776 40.214296 1.795246 1.101871
81 4 Car 0 0 -1.000000 -1 -1 -1 -1 1.812295 1.720975 4.026026 4.077650 1.331747 40.072972 1.782341 10.612416
82 4 Car 0 0 -1.000000 -1 -1 -1 -1 1.799732 1.679136 3.964978 4.046034 1.157864 39.836310 1.800610 37.649044
83 4 Car 0 0 -1.000000 -1 -1 -1 -1 1.828643 1.686512 4.005516 3.959066 1.171172 39.690940 1.785234 6.155874
84 30 Pedestrian 0 0 -1.000000 -1 -1 -1 -1 1.793567 0.613178 0.959695 -9.369535 1.568098 14.454134 5.994489 0.508020
84 4 Car 0 0 -1.000000 -1 -1 -1 -1 1.796312 1.713462 4.136358 3.968485 1.369563 39.538195 1.795993 31.754109
85 30 Pedestrian 0 0 -1.000000 -1 -1 -1 -1 1.749458 0.609970 0.855035 -9.436487 1.703476 12.906871 -0.249948 0.182485
85 4 Car 0 0 -1.000000 -1 -1 -1 -1 1.783942 1.695090 4.183312 3.926436 1.654693 39.339796 1.812226 32.777812
86 4 Car 0 0 -1.000000 -1 -1 -1 -1 1.814722 1.675347 3.918219 3.831316 1.858698 39.029552 1.794724 37.794622
87 4 Car 0 0 -1.000000 -1 -1 -1 -1 1.814193 1.705964 4.005879 3.764589 1.769287 38.906892 1.788069 24.569029
88 4 Car 0 0 -1.000000 -1 -1 -1 -1 1.814193 1.705964 4.005879 3.429642 1.645470 37.399256 1.779231 24.569029
89 4 Car 0 0 -1.000000 -1 -1 -1 -1 1.791665 1.709828 3.876182 3.590689 1.289034 38.453067 1.787960 39.966252
90 4 Car 0 0 -1.000000 -1 -1 -1 -1 1.815331 1.731662 4.382608 3.561681 1.231363 38.489930 1.792534 23.961392
91 4 Car 0 0 -1.000000 -1 -1 -1 -1 1.760254 1.681532 3.738363 3.465558 1.316294 38.044171 1.790606 31.360413
92 4 Car 0 0 -1.000000 -1 -1 -1 -1 1.752584 1.674642 3.876826 3.416566 1.309134 37.905968 1.797806 18.669018
93 4 Car 0 0 -1.000000 -1 -1 -1 -1 1.745065 1.665023 3.754372 3.339007 1.319936 37.636674 1.790037 38.690451
94 4 Car 0 0 -1.000000 -1 -1 -1 -1 1.745918 1.718587 4.057249 3.291326 1.495035 37.606205 1.777153 25.315660
95 4 Car 0 0 -1.000000 -1 -1 -1 -1 1.762581 1.695151 4.031174 3.303758 1.691211 37.408519 1.778841 26.325065
96 4 Car 0 0 -1.000000 -1 -1 -1 -1 1.762581 1.695151 4.031174 3.051086 1.926334 35.901263 1.771920 26.325065
97 38 Pedestrian 0 0 -1.000000 -1 -1 -1 -1 1.710872 0.630993 0.716376 -10.693745 1.275258 18.399345 1.113524 0.986367
97 4 Car 0 0 -1.000000 -1 -1 -1 -1 1.748333 1.693799 3.983266 3.176702 1.701724 36.988318 1.749861 36.029396
98 4 Car 0 0 -1.000000 -1 -1 -1 -1 1.780618 1.694393 3.898035 3.131659 1.638253 36.795949 1.740584 1.367923
99 39 Pedestrian 0 0 -1.000000 -1 -1 -1 -1 1.848051 0.787783 0.737381 -10.969904 1.416770 15.238130 1.099850 0.772415
99 4 Car 0 0 -1.000000 -1 -1 -1 -1 1.724277 1.657518 3.976626 2.990789 1.537525 36.602848 1.755901 12.892472
100 39 Pedestrian 0 0 -1.000000 -1 -1 -1 -1 1.898038 0.668652 0.852791 -11.115755 1.455767 13.652633 0.928117 1.155981
100 4 Car 0 0 -1.000000 -1 -1 -1 -1 1.690410 1.709407 3.924962 2.857513 1.464995 36.418162 1.715021 30.555087
101 4 Car 0 0 -1.000000 -1 -1 -1 -1 1.685877 1.699220 3.879748 2.798641 1.461180 36.209466 1.744239 41.004819
102 4 Car 0 0 -1.000000 -1 -1 -1 -1 1.690884 1.696725 3.898624 2.734239 1.462530 35.997131 1.750538 43.445407
103 4 Car 0 0 -1.000000 -1 -1 -1 -1 1.724668 1.698277 3.960793 2.648937 1.532177 35.851945 1.720267 12.126755
104 4 Car 0 0 -1.000000 -1 -1 -1 -1 1.711712 1.692394 3.937831 2.637969 1.693718 35.572233 1.770985 1.686319
105 4 Car 0 0 -1.000000 -1 -1 -1 -1 1.708376 1.709303 4.122159 2.568717 1.809661 35.531091 1.739722 43.480420
106 4 Car 0 0 -1.000000 -1 -1 -1 -1 1.695795 1.675780 4.005410 2.464759 1.758085 35.283770 1.718487 41.255312
107 4 Car 0 0 -1.000000 -1 -1 -1 -1 1.749196 1.677746 4.008105 2.380373 1.600313 35.096798 1.705842 28.970943
108 4 Car 0 0 -1.000000 -1 -1 -1 -1 1.748543 1.695150 3.779002 2.301487 1.553373 34.840793 1.696093 34.674716
109 4 Car 0 0 -1.000000 -1 -1 -1 -1 1.765806 1.702363 3.932203 2.223479 1.542120 34.687440 1.693467 26.672675
110 4 Car 0 0 -1.000000 -1 -1 -1 -1 1.707698 1.691408 3.981277 2.171323 1.543997 34.506997 1.681532 24.800810
111 4 Car 0 0 -1.000000 -1 -1 -1 -1 1.703466 1.670924 3.909587 2.133806 1.538119 34.240001 1.694493 27.023511
112 4 Car 0 0 -1.000000 -1 -1 -1 -1 1.690734 1.695029 3.888553 2.104276 1.523552 34.041474 1.693205 22.979897
112 44 Car 0 0 -1.000000 -1 -1 -1 -1 1.534739 1.612586 3.851265 29.089470 0.385524 52.976044 1.361119 0.039407
113 4 Car 0 0 -1.000000 -1 -1 -1 -1 1.728515 1.704981 3.922504 2.035319 1.575391 33.860336 1.688959 29.513455
114 4 Car 0 0 -1.000000 -1 -1 -1 -1 1.715856 1.662312 4.112496 2.001013 1.688719 33.705859 1.661700 19.724750
115 4 Car 0 0 -1.000000 -1 -1 -1 -1 1.691979 1.665012 3.987297 1.973609 1.670469 33.434169 1.655066 23.172066
116 4 Car 0 0 -1.000000 -1 -1 -1 -1 1.743819 1.679327 4.114288 1.976112 1.606490 33.334904 1.679368 24.964073
117 4 Car 0 0 -1.000000 -1 -1 -1 -1 1.680177 1.682652 3.953368 1.900744 1.514080 33.018429 1.679926 18.582680
118 4 Car 0 0 -1.000000 -1 -1 -1 -1 1.669164 1.689625 3.926564 1.901251 1.504311 32.782736 1.672336 27.428033
119 4 Car 0 0 -1.000000 -1 -1 -1 -1 1.788350 1.679059 3.811632 1.835322 1.580009 32.540376 1.655343 16.106080
120 4 Car 0 0 -1.000000 -1 -1 -1 -1 1.719814 1.688400 3.868519 1.843042 1.700029 32.363077 1.663982 8.168449
121 4 Car 0 0 -1.000000 -1 -1 -1 -1 1.783644 1.673915 4.030562 1.855238 1.764204 32.228824 1.698409 29.515639
122 4 Car 0 0 -1.000000 -1 -1 -1 -1 1.689205 1.692653 3.689428 1.803769 1.647116 31.876173 1.690290 27.549788
123 4 Car 0 0 -1.000000 -1 -1 -1 -1 1.742342 1.663719 3.895994 1.768157 1.562616 31.757106 1.689415 4.119084
124 4 Car 0 0 -1.000000 -1 -1 -1 -1 1.718342 1.683995 3.760303 1.703311 1.579564 31.513677 1.687982 20.440651
125 4 Car 0 0 -1.000000 -1 -1 -1 -1 1.731312 1.700370 3.877149 1.586501 1.588024 31.341034 1.664103 12.113688
126 4 Car 0 0 -1.000000 -1 -1 -1 -1 1.756624 1.669666 3.748828 1.496037 1.575406 31.053919 1.639045 5.566849
127 4 Car 0 0 -1.000000 -1 -1 -1 -1 1.702915 1.654982 3.943788 1.458219 1.524137 30.927064 1.655594 20.020755
128 4 Car 0 0 -1.000000 -1 -1 -1 -1 1.724322 1.670416 3.785868 1.307459 1.520813 30.699893 1.628363 1.206395
129 4 Car 0 0 -1.000000 -1 -1 -1 -1 1.741500 1.670967 3.973263 1.323322 1.715882 30.499951 1.661025 19.050979
130 45 Pedestrian 0 0 -1.000000 -1 -1 -1 -1 1.836791 0.655200 0.729602 3.657119 1.607126 14.796066 1.208323 0.056729
130 4 Car 0 0 -1.000000 -1 -1 -1 -1 1.746881 1.684660 4.054086 1.221945 1.859334 30.326420 1.635605 14.398835
131 45 Pedestrian 0 0 -1.000000 -1 -1 -1 -1 1.719994 0.559945 0.597774 3.622748 1.473878 13.308413 1.244624 0.066465
131 4 Car 0 0 -1.000000 -1 -1 -1 -1 1.687033 1.703275 3.685408 1.118087 1.797218 29.987087 1.614315 36.309565
131 46 Car 0 0 -1.000000 -1 -1 -1 -1 1.462078 1.609801 3.995034 0.588215 2.164075 63.789980 1.845498 0.388530
132 4 Car 0 0 -1.000000 -1 -1 -1 -1 1.715247 1.712869 3.914764 1.187615 1.593378 29.893226 1.668034 33.680636
132 46 Car 0 0 -1.000000 -1 -1 -1 -1 1.520500 1.662617 3.971355 -0.054294 1.831416 60.758681 1.763773 2.048329
133 47 Pedestrian 0 0 -1.000000 -1 -1 -1 -1 1.824566 0.629686 0.809846 -8.236603 1.607900 20.066702 1.466204 0.824601
133 4 Car 0 0 -1.000000 -1 -1 -1 -1 1.672371 1.686845 3.740420 1.096800 1.527273 29.583360 1.646192 34.308173
133 48 Pedestrian 0 0 -1.000000 -1 -1 -1 -1 1.729230 0.876977 0.914288 -15.892148 2.478206 30.513561 0.903858 0.432417
133 46 Car 0 0 -1.000000 -1 -1 -1 -1 1.462141 1.606224 4.025198 -0.437234 1.637536 57.576824 1.765511 3.544374
134 4 Car 0 0 -1.000000 -1 -1 -1 -1 1.706339 1.701617 3.762652 0.970019 1.530325 29.403914 1.620547 1.922470
134 46 Car 0 0 -1.000000 -1 -1 -1 -1 1.491336 1.678686 3.866344 -0.902614 1.716718 54.580210 1.717420 4.592632
135 4 Car 0 0 -1.000000 -1 -1 -1 -1 1.743316 1.682607 3.817844 1.036221 1.702696 29.165889 1.656901 15.429747
135 48 Pedestrian 0 0 -1.000000 -1 -1 -1 -1 1.759678 0.750646 0.874113 -16.143596 2.644771 27.341047 0.909917 0.046819
135 46 Car 0 0 -1.000000 -1 -1 -1 -1 1.534867 1.671448 3.872269 -1.216487 2.009707 51.326121 1.753749 5.611915
136 4 Car 0 0 -1.000000 -1 -1 -1 -1 1.735748 1.703223 4.084958 0.966979 1.701202 29.106227 1.652092 35.372901
136 46 Car 0 0 -1.000000 -1 -1 -1 -1 1.446634 1.573663 3.697688 -1.676118 1.929631 48.250773 1.708506 15.986231
137 4 Car 0 0 -1.000000 -1 -1 -1 -1 1.745960 1.685019 4.144630 0.968487 1.620960 28.919933 1.658537 45.223151
137 46 Car 0 0 -1.000000 -1 -1 -1 -1 1.461252 1.677572 4.228516 -2.069821 1.754814 45.315934 1.682509 13.719817
138 4 Car 0 0 -1.000000 -1 -1 -1 -1 1.737456 1.694359 4.164541 0.872621 1.552881 28.734275 1.640690 28.075502
138 46 Car 0 0 -1.000000 -1 -1 -1 -1 1.486005 1.631740 3.729161 -2.436660 1.671277 41.996421 1.671225 21.701437
139 4 Car 0 0 -1.000000 -1 -1 -1 -1 1.737632 1.689361 3.823361 0.875694 1.615739 28.402833 1.668477 36.258605
139 46 Car 0 0 -1.000000 -1 -1 -1 -1 1.450693 1.636471 3.743279 -2.765421 1.750137 38.981900 1.637838 17.434540
140 4 Car 0 0 -1.000000 -1 -1 -1 -1 1.715174 1.711194 3.680153 0.775042 1.649372 28.146652 1.644880 21.567333
140 50 Pedestrian 0 0 -1.000000 -1 -1 -1 -1 1.909732 0.673526 0.743474 -10.793570 1.852318 29.296785 1.682664 0.033735
140 46 Car 0 0 -1.000000 -1 -1 -1 -1 1.480448 1.684912 3.854841 -3.009465 1.768904 36.002783 1.644397 31.558811
140 51 Car 0 0 -1.000000 -1 -1 -1 -1 1.561162 1.636719 3.833988 10.401716 1.509233 51.120170 1.694108 0.093827
141 4 Car 0 0 -1.000000 -1 -1 -1 -1 1.680360 1.710625 3.885241 0.736706 1.659438 28.013582 1.625255 38.185959
141 46 Car 0 0 -1.000000 -1 -1 -1 -1 1.486131 1.616543 3.607538 -3.301428 1.902578 32.831984 1.630784 39.001457
142 4 Car 0 0 -1.000000 -1 -1 -1 -1 1.741489 1.702068 4.023595 0.647953 1.635595 27.918396 1.602509 20.851489
142 46 Car 0 0 -1.000000 -1 -1 -1 -1 1.457849 1.620850 3.373129 -3.502022 1.823982 29.657452 1.632442 56.592672
143 46 Car 0 0 -1.000000 -1 -1 -1 -1 1.437182 1.607015 3.578012 -3.700148 1.737834 26.615702 1.650578 65.691356
143 4 Car 0 0 -1.000000 -1 -1 -1 -1 1.736002 1.693475 4.015642 0.736875 1.597189 27.716532 1.646881 24.275372
144 46 Car 0 0 -1.000000 -1 -1 -1 -1 1.426000 1.626399 3.512339 -3.865278 1.787069 23.509060 1.623886 72.064775
144 4 Car 0 0 -1.000000 -1 -1 -1 -1 1.716016 1.704046 3.899332 0.664568 1.612014 27.516379 1.623431 13.988297
145 46 Car 0 0 -1.000000 -1 -1 -1 -1 1.420378 1.604615 3.483204 -4.010995 1.754709 20.435724 1.615638 90.942767
145 4 Car 0 0 -1.000000 -1 -1 -1 -1 1.733266 1.695671 3.924157 0.717195 1.589297 27.344857 1.643181 22.722157
146 46 Car 0 0 -1.000000 -1 -1 -1 -1 1.428437 1.591987 3.551143 -4.133832 1.695487 17.410181 1.614115 85.245406
146 4 Car 0 0 -1.000000 -1 -1 -1 -1 1.734768 1.718648 3.858966 0.649677 1.534003 27.144945 1.623639 0.258211
147 46 Car 0 0 -1.000000 -1 -1 -1 -1 1.436633 1.597178 3.548786 -4.204928 1.698540 14.322074 1.593735 95.417996
147 4 Car 0 0 -1.000000 -1 -1 -1 -1 1.734768 1.718648 3.858966 0.613520 1.424445 26.955293 1.620614 0.258211
148 46 Car 0 0 -1.000000 -1 -1 -1 -1 1.421071 1.594171 3.529094 -4.252661 1.679460 11.327496 1.592872 106.156135
148 4 Car 0 0 -1.000000 -1 -1 -1 -1 1.734768 1.718648 3.858966 0.559515 1.373094 26.783521 1.617852 0.258211
149 46 Car 0 0 -1.000000 -1 -1 -1 -1 1.448268 1.600860 3.545148 -4.310044 1.702440 8.332873 1.595268 124.951003
149 4 Car 0 0 -1.000000 -1 -1 -1 -1 1.702014 1.681720 3.779514 0.697142 1.540004 26.603099 1.641949 25.190381
150 46 Car 0 0 -1.000000 -1 -1 -1 -1 1.448268 1.600860 3.545148 -4.375016 1.718377 5.290452 1.591840 124.951003
150 4 Car 0 0 -1.000000 -1 -1 -1 -1 1.721708 1.674725 4.156186 0.738560 1.566498 26.586937 1.655833 27.759960
151 4 Car 0 0 -1.000000 -1 -1 -1 -1 1.714549 1.691268 4.069097 0.681475 1.527076 26.418145 1.626559 25.604754
152 4 Car 0 0 -1.000000 -1 -1 -1 -1 1.699875 1.694728 3.677820 0.657702 1.497364 26.131566 1.635609 13.069588
153 4 Car 0 0 -1.000000 -1 -1 -1 -1 1.703759 1.682769 3.679376 0.604810 1.474986 25.967102 1.601665 0.566543
154 4 Car 0 0 -1.000000 -1 -1 -1 -1 1.712973 1.715893 3.608159 0.707282 1.510043 25.826604 1.651396 19.114435
155 4 Car 0 0 -1.000000 -1 -1 -1 -1 1.713325 1.704834 3.723552 0.737533 1.652587 25.755216 1.662546 21.055123
156 4 Car 0 0 -1.000000 -1 -1 -1 -1 1.691000 1.671521 3.856140 0.663789 1.761523 25.633712 1.651252 0.395642
157 4 Car 0 0 -1.000000 -1 -1 -1 -1 1.703225 1.692991 3.672930 0.660478 1.779605 25.450119 1.616290 28.037581
158 4 Car 0 0 -1.000000 -1 -1 -1 -1 1.702181 1.711491 3.762283 0.651691 1.672188 25.403232 1.637366 35.485625
159 4 Car 0 0 -1.000000 -1 -1 -1 -1 1.739700 1.708761 3.727246 0.639064 1.680373 25.269116 1.632764 29.138995
160 4 Car 0 0 -1.000000 -1 -1 -1 -1 1.739700 1.708761 3.727246 0.573165 1.635113 23.829428 1.630334 29.138995
161 4 Car 0 0 -1.000000 -1 -1 -1 -1 1.729963 1.701575 3.631352 0.602321 1.650856 25.013452 1.624844 34.890396
162 4 Car 0 0 -1.000000 -1 -1 -1 -1 1.698840 1.709568 3.598053 0.582412 1.672619 24.879959 1.603877 41.095903
163 4 Car 0 0 -1.000000 -1 -1 -1 -1 1.726512 1.702411 3.725673 0.554083 1.724623 24.846228 1.583986 28.236022
164 4 Car 0 0 -1.000000 -1 -1 -1 -1 1.733002 1.698138 3.654709 0.548208 1.665673 24.765119 1.621048 26.707777
164 53 Car 0 0 -1.000000 -1 -1 -1 -1 1.628887 1.611625 3.917477 21.300806 1.307787 26.098642 1.775143 0.052308
165 4 Car 0 0 -1.000000 -1 -1 -1 -1 1.714866 1.699469 3.737834 0.578937 1.567262 24.681800 1.631723 35.659622
166 4 Car 0 0 -1.000000 -1 -1 -1 -1 1.653012 1.677714 3.326618 0.473285 1.504531 24.409052 1.589513 30.627526
167 4 Car 0 0 -1.000000 -1 -1 -1 -1 1.701489 1.687886 3.628782 0.467143 1.545730 24.484232 1.581950 21.646139
168 4 Car 0 0 -1.000000 -1 -1 -1 -1 1.747947 1.685037 3.489411 0.430729 1.664541 24.367894 1.606523 19.492577
169 4 Car 0 0 -1.000000 -1 -1 -1 -1 1.717551 1.720866 3.652081 0.423115 1.678889 24.361310 1.604175 35.133891
170 4 Car 0 0 -1.000000 -1 -1 -1 -1 1.735324 1.706719 3.646710 0.331262 1.681023 24.304516 1.565531 47.185465
171 4 Car 0 0 -1.000000 -1 -1 -1 -1 1.749271 1.693865 3.886416 0.378590 1.581520 24.309452 1.614139 23.534385
172 4 Car 0 0 -1.000000 -1 -1 -1 -1 1.716987 1.687012 3.585527 0.274708 1.582785 24.100264 1.599078 7.355308
173 4 Car 0 0 -1.000000 -1 -1 -1 -1 1.730533 1.698419 3.567376 0.311304 1.584547 24.022651 1.620585 21.265918
174 4 Car 0 0 -1.000000 -1 -1 -1 -1 1.780246 1.676547 3.721034 0.244390 1.621382 24.070880 1.612712 18.135079
175 4 Car 0 0 -1.000000 -1 -1 -1 -1 1.750305 1.694612 3.607209 0.220127 1.613575 23.953157 1.604346 12.117732
176 4 Car 0 0 -1.000000 -1 -1 -1 -1 1.767039 1.672530 3.580623 0.127294 1.658338 23.862436 1.582891 1.433112
177 4 Car 0 0 -1.000000 -1 -1 -1 -1 1.774656 1.690650 3.591164 0.100711 1.649139 23.814787 1.579893 10.290886
178 4 Car 0 0 -1.000000 -1 -1 -1 -1 1.739615 1.702184 3.675331 0.099307 1.647323 23.756619 1.579645 35.005765
179 4 Car 0 0 -1.000000 -1 -1 -1 -1 1.719270 1.703426 3.576721 0.091251 1.689777 23.683787 1.585599 36.527123
180 4 Car 0 0 -1.000000 -1 -1 -1 -1 1.719741 1.708193 3.610155 0.091776 1.677925 23.629289 1.599952 35.661396
181 4 Car 0 0 -1.000000 -1 -1 -1 -1 1.735404 1.691387 3.582700 0.032967 1.630470 23.564268 1.584248 24.877115
182 4 Car 0 0 -1.000000 -1 -1 -1 -1 1.741030 1.675968 3.565974 0.031917 1.572918 23.490613 1.558678 5.602669
183 4 Car 0 0 -1.000000 -1 -1 -1 -1 1.730236 1.687812 3.529931 0.011494 1.552731 23.423424 1.540706 31.808986
184 57 Pedestrian 0 0 -1.000000 -1 -1 -1 -1 1.738056 0.648278 0.689135 -11.183487 1.853503 16.100777 0.478390 0.966053
184 4 Car 0 0 -1.000000 -1 -1 -1 -1 1.774160 1.687256 3.842607 0.062756 1.558815 23.516226 1.586118 4.535980
184 58 Car 0 0 -1.000000 -1 -1 -1 -1 1.695248 1.635546 3.891067 6.276019 1.360153 52.701990 1.736539 0.296790
185 57 Pedestrian 0 0 -1.000000 -1 -1 -1 -1 1.699304 0.613283 0.768410 -11.242832 1.865951 14.681934 1.085280 0.942563
185 4 Car 0 0 -1.000000 -1 -1 -1 -1 1.727979 1.691492 3.590602 0.024056 1.635563 23.336154 1.551947 35.004935
186 57 Pedestrian 0 0 -1.000000 -1 -1 -1 -1 1.761940 0.578537 0.776960 -11.097425 1.950722 13.340754 0.256055 0.033635
186 4 Car 0 0 -1.000000 -1 -1 -1 -1 1.719663 1.724789 3.723738 0.100130 1.672424 23.368897 1.597763 38.545345
186 58 Car 0 0 -1.000000 -1 -1 -1 -1 1.671694 1.647734 3.986775 5.687734 1.698399 50.367123 1.403136 0.149533
187 4 Car 0 0 -1.000000 -1 -1 -1 -1 1.719904 1.698865 3.697747 0.093884 1.694060 23.292854 1.576101 28.083816
188 4 Car 0 0 -1.000000 -1 -1 -1 -1 1.674233 1.700181 3.705095 0.126390 1.708115 23.277175 1.579198 31.661077
189 4 Car 0 0 -1.000000 -1 -1 -1 -1 1.690491 1.689390 3.568103 0.088999 1.706769 23.153591 1.556515 23.475726
190 4 Car 0 0 -1.000000 -1 -1 -1 -1 1.704394 1.708585 3.728844 0.150770 1.670741 23.229162 1.576760 28.777404
191 4 Car 0 0 -1.000000 -1 -1 -1 -1 1.736091 1.711487 3.895154 0.197066 1.648982 23.265464 1.574095 36.530026
192 4 Car 0 0 -1.000000 -1 -1 -1 -1 1.761352 1.684043 3.956116 0.179901 1.606374 23.260458 1.577534 28.019704
193 4 Car 0 0 -1.000000 -1 -1 -1 -1 1.723561 1.698570 3.619025 0.175610 1.612490 23.147852 1.585756 32.492714
194 4 Car 0 0 -1.000000 -1 -1 -1 -1 1.701930 1.702103 3.867641 0.242545 1.642947 23.197224 1.598060 33.532581
195 4 Car 0 0 -1.000000 -1 -1 -1 -1 1.730723 1.715208 3.844396 0.261063 1.631029 23.198039 1.600020 36.247268
196 4 Car 0 0 -1.000000 -1 -1 -1 -1 1.698578 1.695638 3.904489 0.280687 1.501346 23.190293 1.602346 26.346958
197 63 Pedestrian 0 0 -1.000000 -1 -1 -1 -1 1.812219 0.671561 0.856073 -8.449493 1.654361 16.643692 1.419499 0.021051
197 4 Car 0 0 -1.000000 -1 -1 -1 -1 1.700488 1.702993 3.776885 0.292583 1.395866 23.109203 1.619155 29.796048
198 4 Car 0 0 -1.000000 -1 -1 -1 -1 1.733472 1.701641 3.709411 0.305186 1.537007 23.113752 1.605649 30.939536
199 4 Car 0 0 -1.000000 -1 -1 -1 -1 1.740275 1.688360 3.875734 0.259479 1.680394 23.149707 1.568935 40.537405
200 63 Pedestrian 0 0 -1.000000 -1 -1 -1 -1 1.820748 0.692082 0.866931 -8.505812 1.922648 12.493291 1.525435 0.034588
200 4 Car 0 0 -1.000000 -1 -1 -1 -1 1.743845 1.702713 3.720422 0.231275 1.758187 23.116592 1.537376 19.290382
201 4 Car 0 0 -1.000000 -1 -1 -1 -1 1.743205 1.698347 3.825169 0.276270 1.698121 23.154854 1.578929 24.620193
202 4 Car 0 0 -1.000000 -1 -1 -1 -1 1.737364 1.693216 3.714576 0.294591 1.669419 23.118546 1.575654 32.999288
203 4 Car 0 0 -1.000000 -1 -1 -1 -1 1.730346 1.685902 3.753650 0.302620 1.621544 23.172551 1.565751 40.337375
204 4 Car 0 0 -1.000000 -1 -1 -1 -1 1.732292 1.696281 3.630909 0.298244 1.605663 23.121577 1.568833 28.763347
205 4 Car 0 0 -1.000000 -1 -1 -1 -1 1.731060 1.699146 3.951429 0.302665 1.607669 23.266022 1.581616 25.449321
206 4 Car 0 0 -1.000000 -1 -1 -1 -1 1.734466 1.708989 3.813532 0.341705 1.642191 23.238135 1.590782 41.675846
207 4 Car 0 0 -1.000000 -1 -1 -1 -1 1.706639 1.709238 3.696556 0.316840 1.665855 23.231977 1.587838 34.433005
208 4 Car 0 0 -1.000000 -1 -1 -1 -1 1.709855 1.696610 3.860088 0.308845 1.654546 23.334947 1.567733 41.682826
209 4 Car 0 0 -1.000000 -1 -1 -1 -1 1.687106 1.720868 3.714369 0.320243 1.641303 23.331095 1.584269 45.142360
210 4 Car 0 0 -1.000000 -1 -1 -1 -1 1.721217 1.709288 4.005036 0.284822 1.649637 23.477372 1.588608 33.644790
211 4 Car 0 0 -1.000000 -1 -1 -1 -1 1.729175 1.703633 4.015920 0.289664 1.627619 23.525427 1.591267 42.484079
212 4 Car 0 0 -1.000000 -1 -1 -1 -1 1.713124 1.700846 3.891183 0.245926 1.629595 23.537810 1.588247 34.856064
213 4 Car 0 0 -1.000000 -1 -1 -1 -1 1.695777 1.693730 3.742471 0.222410 1.611011 23.494478 1.577658 48.386850
213 67 Pedestrian 0 0 -1.000000 -1 -1 -1 -1 1.867423 0.592697 1.226825 6.093590 1.497370 45.066917 0.107024 0.104942
214 4 Car 0 0 -1.000000 -1 -1 -1 -1 1.710301 1.702895 3.851476 0.220352 1.631549 23.606899 1.574950 33.068831
214 68 Car 0 0 -1.000000 -1 -1 -1 -1 1.576815 1.650252 3.660658 -7.173037 1.826923 42.820060 1.609290 0.205602
215 4 Car 0 0 -1.000000 -1 -1 -1 -1 1.742014 1.698779 3.957451 0.198228 1.687078 23.687623 1.585244 20.452440
215 68 Car 0 0 -1.000000 -1 -1 -1 -1 1.523209 1.633149 3.603304 -6.931859 1.867329 41.251760 1.814682 0.048556
216 4 Car 0 0 -1.000000 -1 -1 -1 -1 1.700777 1.675542 3.700401 0.084456 1.712760 23.596397 1.529367 13.355547
217 4 Car 0 0 -1.000000 -1 -1 -1 -1 1.722657 1.705047 3.876498 0.145558 1.656142 23.744737 1.587883 37.170983
218 4 Car 0 0 -1.000000 -1 -1 -1 -1 1.727444 1.692934 4.015140 0.135334 1.570026 23.843218 1.602129 29.481182
219 4 Car 0 0 -1.000000 -1 -1 -1 -1 1.736226 1.685534 3.875280 0.069270 1.591789 23.856716 1.566353 28.959485
220 4 Car 0 0 -1.000000 -1 -1 -1 -1 1.707493 1.699421 3.918352 0.091060 1.662092 23.886465 1.566721 41.093403
221 4 Car 0 0 -1.000000 -1 -1 -1 -1 1.729719 1.696590 3.912794 0.061058 1.702906 23.943560 1.571775 22.533611
222 4 Car 0 0 -1.000000 -1 -1 -1 -1 1.721544 1.686028 3.797813 0.047010 1.669273 23.920217 1.556181 63.324053
223 4 Car 0 0 -1.000000 -1 -1 -1 -1 1.718210 1.693661 3.813511 0.078127 1.585335 23.996245 1.564058 23.929986
224 4 Car 0 0 -1.000000 -1 -1 -1 -1 1.746103 1.685705 3.935104 0.071190 1.543073 24.077091 1.574411 18.184405
225 4 Car 0 0 -1.000000 -1 -1 -1 -1 1.752906 1.691984 3.697164 0.025664 1.594387 23.996618 1.550024 30.745839
226 4 Car 0 0 -1.000000 -1 -1 -1 -1 1.721046 1.701313 3.954606 0.091137 1.679597 24.097456 1.571692 35.945259
227 4 Car 0 0 -1.000000 -1 -1 -1 -1 1.727302 1.695146 3.750087 0.023771 1.733285 24.063262 1.555344 3.221191
228 4 Car 0 0 -1.000000 -1 -1 -1 -1 1.734067 1.670285 3.800056 -0.001996 1.740773 24.056474 1.536602 2.019728
229 4 Car 0 0 -1.000000 -1 -1 -1 -1 1.719152 1.682352 3.808504 0.022480 1.744871 24.081057 1.559824 12.908156
230 4 Car 0 0 -1.000000 -1 -1 -1 -1 1.719860 1.695187 3.900851 0.037039 1.795745 24.101317 1.533682 36.523225
231 4 Car 0 0 -1.000000 -1 -1 -1 -1 1.738299 1.688282 3.595866 -0.004103 1.763629 24.008402 1.530524 21.826777
232 4 Car 0 0 -1.000000 -1 -1 -1 -1 1.718238 1.695418 3.939186 0.078107 1.680925 24.135722 1.564912 33.504468
233 4 Car 0 0 -1.000000 -1 -1 -1 -1 1.709505 1.689927 3.904666 0.072860 1.647850 24.101053 1.572529 48.119181
234 4 Car 0 0 -1.000000 -1 -1 -1 -1 1.718077 1.698935 3.880146 0.100003 1.638560 24.065384 1.578298 43.040860
235 4 Car 0 0 -1.000000 -1 -1 -1 -1 1.707260 1.707631 3.982324 0.090083 1.680110 24.117259 1.562169 41.338980
236 4 Car 0 0 -1.000000 -1 -1 -1 -1 1.732753 1.687862 3.815180 0.067046 1.722288 23.995740 1.569619 21.645672
237 4 Car 0 0 -1.000000 -1 -1 -1 -1 1.728521 1.687400 3.743981 0.064192 1.749403 23.968338 1.555812 3.421169
238 4 Car 0 0 -1.000000 -1 -1 -1 -1 1.707250 1.697419 3.631482 0.025462 1.746570 23.885974 1.552518 11.118489
239 4 Car 0 0 -1.000000 -1 -1 -1 -1 1.719712 1.675869 3.709997 0.049276 1.695868 23.859014 1.546648 8.700145
240 4 Car 0 0 -1.000000 -1 -1 -1 -1 1.742063 1.676852 3.685628 0.057573 1.737247 23.806614 1.568440 6.654225
241 4 Car 0 0 -1.000000 -1 -1 -1 -1 1.751293 1.693666 3.862190 0.026324 1.777081 23.815322 1.557515 17.693770
242 4 Car 0 0 -1.000000 -1 -1 -1 -1 1.747554 1.698181 3.659053 -0.006802 1.757868 23.697454 1.532392 28.898447
243 4 Car 0 0 -1.000000 -1 -1 -1 -1 1.743388 1.711119 3.836944 0.066702 1.690762 23.729899 1.576367 36.765429
244 4 Car 0 0 -1.000000 -1 -1 -1 -1 1.755809 1.714539 3.886574 -0.023550 1.578765 23.705611 1.566321 30.205746
245 4 Car 0 0 -1.000000 -1 -1 -1 -1 1.772221 1.687381 3.859518 0.002309 1.539799 23.620468 1.581528 26.622308
246 4 Car 0 0 -1.000000 -1 -1 -1 -1 1.734612 1.702222 3.773771 -0.093452 1.598412 23.538391 1.561633 32.395224
247 4 Car 0 0 -1.000000 -1 -1 -1 -1 1.733571 1.700076 3.892465 -0.146471 1.624165 23.539181 1.539853 40.994117
248 4 Car 0 0 -1.000000 -1 -1 -1 -1 1.722300 1.711119 3.689683 -0.151316 1.637022 23.411442 1.560442 41.058922
249 4 Car 0 0 -1.000000 -1 -1 -1 -1 1.761159 1.706986 3.886731 -0.198062 1.576120 23.394110 1.572455 29.385362
250 4 Car 0 0 -1.000000 -1 -1 -1 -1 1.733920 1.703898 3.843359 -0.241026 1.623408 23.358353 1.562666 46.825932
251 4 Car 0 0 -1.000000 -1 -1 -1 -1 1.726421 1.722583 3.788456 -0.311629 1.683983 23.244555 1.578249 26.447490
252 4 Car 0 0 -1.000000 -1 -1 -1 -1 1.693196 1.710103 3.612275 -0.331016 1.659286 23.109935 1.564128 47.897765
253 76 Pedestrian 0 0 -1.000000 -1 -1 -1 -1 1.629750 0.478382 0.546345 6.284586 1.523446 8.565751 1.486592 0.018354
253 4 Car 0 0 -1.000000 -1 -1 -1 -1 1.725939 1.710473 3.632625 -0.361570 1.609407 23.066196 1.559478 32.010211
254 4 Car 0 0 -1.000000 -1 -1 -1 -1 1.754806 1.725223 3.763414 -0.440495 1.618624 23.072639 1.539547 35.826045
255 4 Car 0 0 -1.000000 -1 -1 -1 -1 1.680006 1.704936 3.801986 -0.426674 1.645421 22.989315 1.560930 39.971191
256 4 Car 0 0 -1.000000 -1 -1 -1 -1 1.710044 1.712838 3.863205 -0.425145 1.693398 22.968812 1.597677 35.263986
257 4 Car 0 0 -1.000000 -1 -1 -1 -1 1.697987 1.704871 3.853282 -0.445205 1.636107 22.892459 1.578792 35.823171
258 4 Car 0 0 -1.000000 -1 -1 -1 -1 1.704751 1.715417 3.902034 -0.480247 1.579954 22.938741 1.572360 37.502918
259 78 Pedestrian 0 0 -1.000000 -1 -1 -1 -1 1.825126 0.654877 0.887466 11.407493 1.227084 16.214016 2.157957 0.135661
259 4 Car 0 0 -1.000000 -1 -1 -1 -1 1.734611 1.685822 3.838300 -0.526103 1.588135 22.814533 1.557018 26.241626
260 4 Car 0 0 -1.000000 -1 -1 -1 -1 1.741768 1.687688 3.942018 -0.503727 1.554522 22.810428 1.592792 10.534674
261 4 Car 0 0 -1.000000 -1 -1 -1 -1 1.714835 1.694624 3.773770 -0.574973 1.528206 22.698995 1.546981 7.682716
262 4 Car 0 0 -1.000000 -1 -1 -1 -1 1.731128 1.681930 3.784828 -0.530925 1.569389 22.699372 1.566669 24.837476
262 82 Car 0 0 -1.000000 -1 -1 -1 -1 1.514390 1.661029 3.757099 12.222595 1.173708 53.103310 1.982979 0.065788
263 4 Car 0 0 -1.000000 -1 -1 -1 -1 1.712804 1.692078 3.695159 -0.523127 1.635417 22.588604 1.570148 26.236685
264 4 Car 0 0 -1.000000 -1 -1 -1 -1 1.732805 1.647804 3.521323 -0.560631 1.711933 22.466954 1.586073 0.871917
265 4 Car 0 0 -1.000000 -1 -1 -1 -1 1.740760 1.730669 3.943800 -0.576239 1.712967 22.631395 1.557653 33.959025
266 4 Car 0 0 -1.000000 -1 -1 -1 -1 1.695341 1.709559 3.661006 -0.506272 1.677266 22.457998 1.591665 49.258073
267 4 Car 0 0 -1.000000 -1 -1 -1 -1 1.716752 1.710304 3.845279 -0.524284 1.654486 22.523518 1.575866 45.364589
268 4 Car 0 0 -1.000000 -1 -1 -1 -1 1.751178 1.709882 3.861812 -0.532436 1.704240 22.498858 1.573284 25.974079
269 4 Car 0 0 -1.000000 -1 -1 -1 -1 1.731994 1.653723 3.677280 -0.573886 1.728986 22.329198 1.574656 0.781416
270 4 Car 0 0 -1.000000 -1 -1 -1 -1 1.716438 1.705848 3.860670 -0.530074 1.677854 22.428020 1.577353 39.409820
271 4 Car 0 0 -1.000000 -1 -1 -1 -1 1.757691 1.705426 3.874369 -0.510666 1.671066 22.362441 1.594206 35.760176
272 4 Car 0 0 -1.000000 -1 -1 -1 -1 1.709920 1.693430 3.745139 -0.487024 1.667034 22.273460 1.607152 42.981832
273 4 Car 0 0 -1.000000 -1 -1 -1 -1 1.730461 1.703842 3.709288 -0.561436 1.671433 22.228724 1.559779 44.391992
274 4 Car 0 0 -1.000000 -1 -1 -1 -1 1.715747 1.712191 3.783494 -0.526088 1.640398 22.270899 1.594461 46.433406
275 4 Car 0 0 -1.000000 -1 -1 -1 -1 1.704031 1.716644 3.758311 -0.512093 1.612316 22.164530 1.588247 40.925614
276 4 Car 0 0 -1.000000 -1 -1 -1 -1 1.718493 1.692286 3.797572 -0.520563 1.663241 22.160846 1.579869 36.303181
277 4 Car 0 0 -1.000000 -1 -1 -1 -1 1.747932 1.694666 3.668938 -0.587855 1.775746 22.087589 1.562366 46.954941
278 4 Car 0 0 -1.000000 -1 -1 -1 -1 1.746980 1.704645 3.699190 -0.608167 1.770904 22.046104 1.553871 36.542795
279 4 Car 0 0 -1.000000 -1 -1 -1 -1 1.731028 1.713064 3.676134 -0.506149 1.666733 21.997586 1.612486 37.154139
280 4 Car 0 0 -1.000000 -1 -1 -1 -1 1.733873 1.702746 3.699854 -0.615560 1.612650 21.966918 1.573216 39.529186
281 4 Car 0 0 -1.000000 -1 -1 -1 -1 1.708178 1.693739 3.752521 -0.606089 1.530955 21.948254 1.579628 32.952247
282 4 Car 0 0 -1.000000 -1 -1 -1 -1 1.752566 1.659982 3.624888 -0.609445 1.533828 21.858256 1.590787 0.697658
283 4 Car 0 0 -1.000000 -1 -1 -1 -1 1.681793 1.713466 3.745610 -0.629656 1.515401 21.858785 1.564761 44.986722
284 4 Car 0 0 -1.000000 -1 -1 -1 -1 1.704477 1.703238 3.684517 -0.623684 1.536312 21.812869 1.578194 30.386366
285 4 Car 0 0 -1.000000 -1 -1 -1 -1 1.724654 1.704237 3.827919 -0.609510 1.648365 21.786172 1.601879 53.824168
286 4 Car 0 0 -1.000000 -1 -1 -1 -1 1.720372 1.708877 3.592932 -0.649914 1.747109 21.725151 1.598915 53.748424
287 4 Car 0 0 -1.000000 -1 -1 -1 -1 1.746630 1.700758 3.558981 -0.676640 1.754673 21.629374 1.588475 21.944873
288 4 Car 0 0 -1.000000 -1 -1 -1 -1 1.734401 1.702502 3.534796 -0.685190 1.771504 21.590024 1.580577 27.941756
289 4 Car 0 0 -1.000000 -1 -1 -1 -1 1.713132 1.705243 3.643333 -0.715417 1.730573 21.577770 1.585565 47.981239
290 4 Car 0 0 -1.000000 -1 -1 -1 -1 1.693673 1.686676 3.686984 -0.731926 1.697543 21.516611 1.568920 19.072021
291 4 Car 0 0 -1.000000 -1 -1 -1 -1 1.711171 1.706041 3.711333 -0.657044 1.649674 21.512896 1.604403 37.555625
292 4 Car 0 0 -1.000000 -1 -1 -1 -1 1.737045 1.690172 3.816044 -0.673226 1.615659 21.514370 1.610588 21.191245
293 4 Car 0 0 -1.000000 -1 -1 -1 -1 1.750288 1.707258 3.690616 -0.727742 1.606362 21.453112 1.596601 34.026340
294 4 Car 0 0 -1.000000 -1 -1 -1 -1 1.710168 1.696504 3.613583 -0.673871 1.602609 21.382012 1.600924 25.117882
295 4 Car 0 0 -1.000000 -1 -1 -1 -1 1.731503 1.687368 3.681316 -0.670038 1.636910 21.374865 1.603820 33.107264
296 4 Car 0 0 -1.000000 -1 -1 -1 -1 1.743288 1.705647 3.532137 -0.700821 1.608963 21.324404 1.579779 33.249185
297 4 Car 0 0 -1.000000 -1 -1 -1 -1 1.723625 1.662610 3.612319 -0.648150 1.556172 21.298530 1.583308 5.790560
298 4 Car 0 0 -1.000000 -1 -1 -1 -1 1.705251 1.707317 3.805923 -0.635531 1.584872 21.374516 1.605827 48.604416
299 4 Car 0 0 -1.000000 -1 -1 -1 -1 1.721665 1.696570 3.700509 -0.605783 1.595721 21.295423 1.612475 13.090110
300 4 Car 0 0 -1.000000 -1 -1 -1 -1 1.689918 1.702326 3.630338 -0.624917 1.679913 21.278101 1.562337 32.026979
301 4 Car 0 0 -1.000000 -1 -1 -1 -1 1.724575 1.704084 3.491725 -0.562508 1.735679 21.213962 1.597430 25.032097
302 4 Car 0 0 -1.000000 -1 -1 -1 -1 1.735032 1.717428 3.801541 -0.511035 1.696200 21.334547 1.601833 45.234882
303 4 Car 0 0 -1.000000 -1 -1 -1 -1 1.706458 1.712301 3.690728 -0.431959 1.573610 21.274636 1.608058 45.484534
304 4 Car 0 0 -1.000000 -1 -1 -1 -1 1.712882 1.705847 3.798763 -0.531552 1.572845 21.312117 1.571897 50.618371
305 4 Car 0 0 -1.000000 -1 -1 -1 -1 1.718544 1.705298 3.756144 -0.457677 1.581649 21.308507 1.589548 53.478116
306 4 Car 0 0 -1.000000 -1 -1 -1 -1 1.706484 1.696216 3.560954 -0.426358 1.574281 21.205850 1.580251 58.072117
307 4 Car 0 0 -1.000000 -1 -1 -1 -1 1.708019 1.695746 3.746019 -0.427304 1.574462 21.291387 1.584828 47.404564
308 4 Car 0 0 -1.000000 -1 -1 -1 -1 1.712086 1.708903 3.705162 -0.348716 1.574680 21.279621 1.607089 59.969037
309 4 Car 0 0 -1.000000 -1 -1 -1 -1 1.716815 1.716168 3.745757 -0.405784 1.606979 21.270158 1.592553 30.374661
310 4 Car 0 0 -1.000000 -1 -1 -1 -1 1.706671 1.691807 3.738152 -0.361572 1.647317 21.270729 1.594909 41.074515
311 4 Car 0 0 -1.000000 -1 -1 -1 -1 1.730238 1.699749 3.885549 -0.405268 1.678424 21.364986 1.586285 28.950577
312 4 Car 0 0 -1.000000 -1 -1 -1 -1 1.741795 1.705132 3.563971 -0.401877 1.714776 21.249026 1.594321 27.287308
313 4 Car 0 0 -1.000000 -1 -1 -1 -1 1.712498 1.683729 3.911430 -0.380433 1.624403 21.336834 1.601153 36.761218
314 4 Car 0 0 -1.000000 -1 -1 -1 -1 1.740332 1.720806 3.937352 -0.357260 1.617238 21.401206 1.592630 37.510536
315 4 Car 0 0 -1.000000 -1 -1 -1 -1 1.722219 1.709565 3.857146 -0.418813 1.574802 21.373838 1.566525 43.350939
316 4 Car 0 0 -1.000000 -1 -1 -1 -1 1.683342 1.688949 3.763690 -0.383577 1.638308 21.291678 1.569830 40.410291
317 4 Car 0 0 -1.000000 -1 -1 -1 -1 1.677895 1.692636 3.721842 -0.336314 1.648684 21.281661 1.584472 42.952861
318 4 Car 0 0 -1.000000 -1 -1 -1 -1 1.692296 1.698745 3.857593 -0.269615 1.629096 21.359985 1.590257 34.553347
319 4 Car 0 0 -1.000000 -1 -1 -1 -1 1.727028 1.697370 3.645766 -0.307485 1.623584 21.294478 1.586157 33.588791
320 4 Car 0 0 -1.000000 -1 -1 -1 -1 1.691989 1.696194 3.742445 -0.267330 1.603800 21.350924 1.591151 29.527392
321 4 Car 0 0 -1.000000 -1 -1 -1 -1 1.719712 1.695201 3.462798 -0.254633 1.600064 21.242816 1.581736 47.336533
322 4 Car 0 0 -1.000000 -1 -1 -1 -1 1.729011 1.718915 3.590264 -0.272460 1.594757 21.313026 1.573230 47.508778
322 91 Car 0 0 -1.000000 -1 -1 -1 -1 1.467434 1.577322 3.636465 5.405142 1.630318 65.151535 1.631850 0.033651
323 4 Car 0 0 -1.000000 -1 -1 -1 -1 1.737207 1.703178 3.551559 -0.202473 1.592324 21.275829 1.580572 43.156785
323 91 Car 0 0 -1.000000 -1 -1 -1 -1 1.447960 1.574475 3.568556 5.421143 1.611144 63.713974 1.587182 0.017289
324 4 Car 0 0 -1.000000 -1 -1 -1 -1 1.718829 1.718412 3.514223 -0.197535 1.605044 21.271279 1.582116 50.432157
325 4 Car 0 0 -1.000000 -1 -1 -1 -1 1.704598 1.690736 3.870860 -0.239330 1.664816 21.417628 1.553294 33.756997
326 4 Car 0 0 -1.000000 -1 -1 -1 -1 1.721700 1.706836 3.622753 -0.202847 1.720927 21.342660 1.577956 29.965470
327 4 Car 0 0 -1.000000 -1 -1 -1 -1 1.721700 1.706836 3.622753 -0.201469 1.782981 19.973551 1.577897 29.965470
328 4 Car 0 0 -1.000000 -1 -1 -1 -1 1.725192 1.699994 3.601225 -0.181402 1.709231 21.310802 1.574181 22.114797
329 4 Car 0 0 -1.000000 -1 -1 -1 -1 1.742400 1.716583 3.470358 -0.144665 1.730386 21.296014 1.600138 39.830258
329 93 Car 0 0 -1.000000 -1 -1 -1 -1 1.435276 1.573923 3.541629 5.435310 1.904600 55.609833 1.590813 0.021538
330 4 Car 0 0 -1.000000 -1 -1 -1 -1 1.702354 1.701895 3.605628 -0.179529 1.660394 21.304608 1.577364 38.086324
331 4 Car 0 0 -1.000000 -1 -1 -1 -1 1.720876 1.703450 3.630135 -0.246635 1.619197 21.290841 1.523600 32.543116
332 4 Car 0 0 -1.000000 -1 -1 -1 -1 1.698331 1.697510 3.625664 -0.203127 1.637672 21.291034 1.555853 39.421185
333 4 Car 0 0 -1.000000 -1 -1 -1 -1 1.725646 1.704777 3.571154 -0.183728 1.721003 21.297886 1.594736 30.242469
334 4 Car 0 0 -1.000000 -1 -1 -1 -1 1.749424 1.689078 3.564066 -0.240725 1.772894 21.252178 1.561034 5.574784
335 4 Car 0 0 -1.000000 -1 -1 -1 -1 1.736992 1.704553 3.572609 -0.269229 1.824746 21.280956 1.531760 40.407951
336 4 Car 0 0 -1.000000 -1 -1 -1 -1 1.727309 1.699555 3.394217 -0.277078 1.739084 21.161405 1.554355 27.213122
337 4 Car 0 0 -1.000000 -1 -1 -1 -1 1.717522 1.711354 3.533628 -0.281078 1.598172 21.181581 1.564607 33.492061
338 4 Car 0 0 -1.000000 -1 -1 -1 -1 1.709756 1.728584 3.649474 -0.364572 1.550807 21.233311 1.541913 49.264806
339 4 Car 0 0 -1.000000 -1 -1 -1 -1 1.716256 1.706242 3.552000 -0.354957 1.598998 21.121948 1.561820 42.592562
340 4 Car 0 0 -1.000000 -1 -1 -1 -1 1.708647 1.699371 3.594018 -0.324388 1.642573 21.101798 1.589486 31.711461
341 4 Car 0 0 -1.000000 -1 -1 -1 -1 1.703417 1.709098 3.734148 -0.449712 1.676411 21.158297 1.521885 40.161082
342 4 Car 0 0 -1.000000 -1 -1 -1 -1 1.708369 1.688501 3.556618 -0.442832 1.682693 21.048963 1.553733 42.217251
343 4 Car 0 0 -1.000000 -1 -1 -1 -1 1.737053 1.691595 3.487511 -0.459093 1.764919 20.969080 1.536015 9.118501
344 4 Car 0 0 -1.000000 -1 -1 -1 -1 1.714211 1.712296 3.541460 -0.453200 1.697421 20.975962 1.562212 27.219591
345 4 Car 0 0 -1.000000 -1 -1 -1 -1 1.697484 1.703851 3.644128 -0.379011 1.663317 20.974600 1.576281 35.816416
346 4 Car 0 0 -1.000000 -1 -1 -1 -1 1.705887 1.697630 3.663997 -0.408032 1.687517 20.923702 1.569331 12.100788
347 4 Car 0 0 -1.000000 -1 -1 -1 -1 1.717433 1.723045 3.441904 -0.447159 1.741157 20.825247 1.569578 39.435044
348 4 Car 0 0 -1.000000 -1 -1 -1 -1 1.749502 1.709128 3.465031 -0.454570 1.732484 20.771776 1.564916 37.295691
349 4 Car 0 0 -1.000000 -1 -1 -1 -1 1.690925 1.707256 3.603940 -0.415267 1.666348 20.802980 1.573098 38.366723
350 4 Car 0 0 -1.000000 -1 -1 -1 -1 1.681745 1.689071 3.597894 -0.421875 1.620556 20.758388 1.584192 21.019884
351 4 Car 0 0 -1.000000 -1 -1 -1 -1 1.711899 1.698012 3.766670 -0.422464 1.610974 20.790125 1.580622 19.040136
352 4 Car 0 0 -1.000000 -1 -1 -1 -1 1.686418 1.710884 3.807251 -0.464265 1.525822 20.795487 1.574385 56.725733
353 4 Car 0 0 -1.000000 -1 -1 -1 -1 1.714609 1.678905 3.597430 -0.426085 1.530760 20.676460 1.564090 5.935992
354 4 Car 0 0 -1.000000 -1 -1 -1 -1 1.714609 1.678905 3.597430 -0.406397 1.500320 19.249209 1.564813 5.935992
355 4 Car 0 0 -1.000000 -1 -1 -1 -1 1.720296 1.702705 3.908690 -0.370733 1.540040 20.739772 1.589649 40.640746
356 4 Car 0 0 -1.000000 -1 -1 -1 -1 1.722987 1.710914 3.787274 -0.345780 1.628792 20.717495 1.576467 28.044933
357 4 Car 0 0 -1.000000 -1 -1 -1 -1 1.699177 1.704678 3.716963 -0.289480 1.634446 20.621740 1.591924 26.644017
358 4 Car 0 0 -1.000000 -1 -1 -1 -1 1.748172 1.698684 3.577896 -0.304063 1.625107 20.547995 1.580764 25.694363
359 4 Car 0 0 -1.000000 -1 -1 -1 -1 1.709245 1.709609 3.606713 -0.322068 1.612326 20.530297 1.551531 36.077569
360 4 Car 0 0 -1.000000 -1 -1 -1 -1 1.717174 1.718230 3.483328 -0.304089 1.616892 20.466748 1.556622 24.636032
361 4 Car 0 0 -1.000000 -1 -1 -1 -1 1.698562 1.710958 3.508190 -0.249221 1.636682 20.454260 1.590260 24.638858
362 4 Car 0 0 -1.000000 -1 -1 -1 -1 1.684201 1.705219 3.520807 -0.264000 1.568558 20.437832 1.578935 47.639054
363 4 Car 0 0 -1.000000 -1 -1 -1 -1 1.699331 1.692329 3.617713 -0.190623 1.503677 20.456450 1.599070 35.204391
364 4 Car 0 0 -1.000000 -1 -1 -1 -1 1.709659 1.695864 3.586249 -0.167136 1.527901 20.408802 1.605097 39.582944
365 4 Car 0 0 -1.000000 -1 -1 -1 -1 1.661261 1.692594 3.454419 -0.197206 1.612737 20.331200 1.576157 25.901906
366 4 Car 0 0 -1.000000 -1 -1 -1 -1 1.712503 1.708182 3.522086 -0.247442 1.685156 20.345056 1.553391 43.215796
367 4 Car 0 0 -1.000000 -1 -1 -1 -1 1.709705 1.700720 3.715229 -0.158347 1.749741 20.386483 1.583471 31.932770
368 4 Car 0 0 -1.000000 -1 -1 -1 -1 1.676869 1.723993 3.725689 -0.157680 1.728440 20.372951 1.558338 51.484885
369 4 Car 0 0 -1.000000 -1 -1 -1 -1 1.718641 1.663612 3.614999 -0.210342 1.718527 20.281675 1.543975 1.141218
370 4 Car 0 0 -1.000000 -1 -1 -1 -1 1.703923 1.704874 3.828192 -0.182608 1.645424 20.328907 1.583666 35.197087
371 4 Car 0 0 -1.000000 -1 -1 -1 -1 1.733752 1.712536 3.816229 -0.150248 1.597866 20.289195 1.584094 29.993794
372 4 Car 0 0 -1.000000 -1 -1 -1 -1 1.678465 1.712827 3.715751 -0.121245 1.574264 20.224604 1.609137 32.784075
373 4 Car 0 0 -1.000000 -1 -1 -1 -1 1.711922 1.720508 3.782379 -0.227380 1.627572 20.195677 1.569848 57.777677
374 4 Car 0 0 -1.000000 -1 -1 -1 -1 1.674651 1.710953 3.611331 -0.189340 1.639746 20.103667 1.599559 50.518770
375 4 Car 0 0 -1.000000 -1 -1 -1 -1 1.685979 1.698173 3.681289 -0.172326 1.616440 20.081506 1.610232 39.821174
376 4 Car 0 0 -1.000000 -1 -1 -1 -1 1.704695 1.702385 3.618911 -0.141129 1.604276 20.017157 1.629473 18.131157
377 4 Car 0 0 -1.000000 -1 -1 -1 -1 1.705217 1.711339 3.726594 -0.194657 1.550051 20.037659 1.603706 38.269302
378 4 Car 0 0 -1.000000 -1 -1 -1 -1 1.702719 1.704690 3.748448 -0.271437 1.539513 20.013185 1.575188 42.902031
378 102 Car 0 0 -1.000000 -1 -1 -1 -1 1.471029 1.582841 3.670972 -6.496379 1.778426 45.298737 1.460651 0.147224
379 4 Car 0 0 -1.000000 -1 -1 -1 -1 1.714988 1.708331 3.779911 -0.210937 1.558296 20.003305 1.600959 20.616984
380 4 Car 0 0 -1.000000 -1 -1 -1 -1 1.735258 1.720181 3.871105 -0.263618 1.550050 20.023148 1.575230 45.074343
381 4 Car 0 0 -1.000000 -1 -1 -1 -1 1.698035 1.692108 3.824853 -0.191260 1.577075 19.878967 1.620704 29.287118
382 4 Car 0 0 -1.000000 -1 -1 -1 -1 1.715768 1.691815 3.638085 -0.263886 1.674919 19.831330 1.572777 25.707038
383 4 Car 0 0 -1.000000 -1 -1 -1 -1 1.749829 1.687000 3.836524 -0.281058 1.678414 19.865259 1.574678 5.855097
383 103 Car 0 0 -1.000000 -1 -1 -1 -1 1.524109 1.605231 3.614586 6.286462 1.745563 46.531740 1.874011 0.022561
384 4 Car 0 0 -1.000000 -1 -1 -1 -1 1.675068 1.687160 3.723624 -0.197934 1.590258 19.774511 1.586190 21.238259
385 4 Car 0 0 -1.000000 -1 -1 -1 -1 1.705217 1.703081 3.666667 -0.259731 1.655860 19.720660 1.588817 46.298087
386 4 Car 0 0 -1.000000 -1 -1 -1 -1 1.687936 1.657897 3.575005 -0.241713 1.629936 19.660086 1.581697 0.972681
387 4 Car 0 0 -1.000000 -1 -1 -1 -1 1.740055 1.707148 3.757591 -0.290905 1.764800 19.748566 1.576087 38.198296
388 4 Car 0 0 -1.000000 -1 -1 -1 -1 1.746214 1.717733 3.689905 -0.307413 1.774386 19.705152 1.557084 42.350097
389 4 Car 0 0 -1.000000 -1 -1 -1 -1 1.746214 1.717733 3.689905 -0.298063 1.753633 18.335802 1.557166 42.350097
390 4 Car 0 0 -1.000000 -1 -1 -1 -1 1.655773 1.726251 3.664994 -0.251490 1.466453 19.649910 1.599623 52.269581
391 4 Car 0 0 -1.000000 -1 -1 -1 -1 1.722585 1.700352 3.760433 -0.295856 1.510232 19.719205 1.582339 42.087547
392 4 Car 0 0 -1.000000 -1 -1 -1 -1 1.715531 1.705912 3.689774 -0.247222 1.520148 19.698764 1.593800 38.911928
393 4 Car 0 0 -1.000000 -1 -1 -1 -1 1.701160 1.716489 3.631929 -0.298439 1.538397 19.640078 1.575390 30.899429
394 4 Car 0 0 -1.000000 -1 -1 -1 -1 1.706604 1.714413 3.586354 -0.252036 1.644063 19.669575 1.569922 41.925899
395 4 Car 0 0 -1.000000 -1 -1 -1 -1 1.707483 1.706308 3.553705 -0.229417 1.653598 19.655340 1.590366 41.139975
396 4 Car 0 0 -1.000000 -1 -1 -1 -1 1.708711 1.694747 3.758550 -0.228287 1.631101 19.701064 1.588375 26.081758
397 4 Car 0 0 -1.000000 -1 -1 -1 -1 1.691852 1.711560 3.734313 -0.226123 1.528718 19.734168 1.586725 27.042311
398 4 Car 0 0 -1.000000 -1 -1 -1 -1 1.739639 1.682942 3.888444 -0.149767 1.566309 19.831449 1.624052 5.232596
399 4 Car 0 0 -1.000000 -1 -1 -1 -1 1.703234 1.680891 3.709226 -0.199241 1.578253 19.733238 1.581598 14.571553
400 4 Car 0 0 -1.000000 -1 -1 -1 -1 1.696072 1.708237 3.615837 -0.171266 1.521974 19.774688 1.600917 44.382549
401 4 Car 0 0 -1.000000 -1 -1 -1 -1 1.711164 1.704441 3.699480 -0.238202 1.523789 19.843125 1.562189 43.343991
402 4 Car 0 0 -1.000000 -1 -1 -1 -1 1.695721 1.714443 3.634071 -0.156378 1.511931 19.859491 1.595699 44.061043
403 4 Car 0 0 -1.000000 -1 -1 -1 -1 1.677497 1.706131 3.665243 -0.209591 1.641875 19.839068 1.554969 27.520725
404 4 Car 0 0 -1.000000 -1 -1 -1 -1 1.713495 1.647823 3.741701 -0.188857 1.677880 19.930443 1.585929 0.555536
405 4 Car 0 0 -1.000000 -1 -1 -1 -1 1.708990 1.696965 3.450365 -0.202517 1.681606 19.862774 1.570043 36.499630
406 4 Car 0 0 -1.000000 -1 -1 -1 -1 1.702971 1.725926 3.683570 -0.169851 1.558347 20.003796 1.581928 35.544823
407 4 Car 0 0 -1.000000 -1 -1 -1 -1 1.718137 1.710836 3.902815 -0.177632 1.564609 20.138224 1.585015 23.429321
408 4 Car 0 0 -1.000000 -1 -1 -1 -1 1.697889 1.697862 3.724298 -0.209112 1.649530 20.101818 1.569609 43.111160
408 108 Car 0 0 -1.000000 -1 -1 -1 -1 1.435957 1.582953 3.991652 -4.839890 2.093987 78.263280 1.626087 0.017254
409 4 Car 0 0 -1.000000 -1 -1 -1 -1 1.741902 1.691047 3.869988 -0.161650 1.566766 20.226053 1.581457 18.396335
410 4 Car 0 0 -1.000000 -1 -1 -1 -1 1.712350 1.699648 3.739631 -0.148195 1.576875 20.231888 1.572039 27.634576
411 4 Car 0 0 -1.000000 -1 -1 -1 -1 1.695491 1.703327 3.652906 -0.185652 1.564881 20.249875 1.560212 30.558198
411 109 Car 0 0 -1.000000 -1 -1 -1 -1 1.458103 1.609127 3.695711 -4.589522 1.795941 70.041570 1.551392 0.113947
412 4 Car 0 0 -1.000000 -1 -1 -1 -1 1.707393 1.707227 3.587310 -0.170489 1.605334 20.305302 1.570822 37.045987
412 109 Car 0 0 -1.000000 -1 -1 -1 -1 1.435953 1.603061 4.153546 -4.644624 1.907011 67.385881 1.591137 1.334016
413 4 Car 0 0 -1.000000 -1 -1 -1 -1 1.705237 1.714178 3.875208 -0.191656 1.594664 20.487428 1.556438 34.646402
413 110 Car 0 0 -1.000000 -1 -1 -1 -1 1.804147 1.675193 3.873395 5.219377 1.108139 32.394955 -0.511151 0.073502
413 109 Car 0 0 -1.000000 -1 -1 -1 -1 1.467589 1.604732 3.749144 -4.456619 1.996033 64.673794 1.641939 2.326716
414 4 Car 0 0 -1.000000 -1 -1 -1 -1 1.706459 1.689342 3.584042 -0.176886 1.705840 20.389812 1.583093 45.789194
414 109 Car 0 0 -1.000000 -1 -1 -1 -1 1.500938 1.673115 4.140700 -4.419358 2.227734 62.020221 1.572787 2.381930
415 4 Car 0 0 -1.000000 -1 -1 -1 -1 1.709917 1.659726 3.626456 -0.203965 1.710425 20.469431 1.557658 1.499587
415 109 Car 0 0 -1.000000 -1 -1 -1 -1 1.500938 1.673115 4.140700 -4.294049 2.459370 59.357455 1.573056 2.381930
416 4 Car 0 0 -1.000000 -1 -1 -1 -1 1.708404 1.705411 3.762338 -0.138024 1.625086 20.640601 1.572692 25.887382
416 109 Car 0 0 -1.000000 -1 -1 -1 -1 1.455002 1.615173 4.222595 -4.510025 2.048090 56.501127 1.535492 2.340066
417 4 Car 0 0 -1.000000 -1 -1 -1 -1 1.716503 1.701633 3.882684 -0.098684 1.548142 20.736552 1.612160 35.607802
417 109 Car 0 0 -1.000000 -1 -1 -1 -1 1.456668 1.600202 3.725197 -4.555481 1.748756 53.525242 1.569256 3.737574
418 4 Car 0 0 -1.000000 -1 -1 -1 -1 1.684745 1.700571 3.539188 -0.127498 1.575229 20.659297 1.591375 58.325158
418 111 Car 0 0 -1.000000 -1 -1 -1 -1 1.792808 1.646753 3.714520 5.170724 1.108314 26.064922 -0.198133 1.632126
418 109 Car 0 0 -1.000000 -1 -1 -1 -1 1.410431 1.599517 3.926231 -4.345805 1.845989 50.904198 1.589729 11.456746
419 4 Car 0 0 -1.000000 -1 -1 -1 -1 1.705418 1.700086 3.445889 -0.151206 1.707192 20.754995 1.582612 39.703491
419 109 Car 0 0 -1.000000 -1 -1 -1 -1 1.341370 1.653062 3.827439 -4.313911 2.058468 48.087873 1.646090 8.477935
420 4 Car 0 0 -1.000000 -1 -1 -1 -1 1.684240 1.659505 3.637576 -0.189767 1.692434 20.902122 1.562790 2.421339
420 109 Car 0 0 -1.000000 -1 -1 -1 -1 1.457119 1.611396 3.907097 -4.424761 2.008287 45.422911 1.593081 14.837042
