0 1 Car 0 0 -1.000000 -1 -1 -1 -1 1.380138 1.584213 3.978941 -10.521630 2.133927 23.172184 1.642136 38.794451
1 2 Car 0 0 -1.000000 -1 -1 -1 -1 1.388656 1.576258 3.885731 -10.550230 2.194593 24.640495 1.610747 29.176293
2 2 Car 0 0 -1.000000 -1 -1 -1 -1 1.388656 1.576258 3.885731 -10.635999 2.191949 22.839250 1.607166 29.176293
2 4 Car 0 0 -1.000000 -1 -1 -1 -1 1.476775 1.606946 4.167713 -10.609163 2.233668 26.330969 1.592388 15.912337
2 3 Car 0 0 -1.000000 -1 -1 -1 -1 1.517064 1.618879 3.348497 -5.238781 1.966861 48.879837 1.613083 0.016701
3 4 Car 0 0 -1.000000 -1 -1 -1 -1 1.444291 1.589693 4.079135 -10.647121 2.203091 27.695748 1.569231 13.439891
4 4 Car 0 0 -1.000000 -1 -1 -1 -1 1.410502 1.588132 4.054932 -10.643793 2.161425 29.247314 1.592759 25.946841
4 3 Car 0 0 -1.000000 -1 -1 -1 -1 1.491320 1.635201 3.785979 -5.713283 1.850491 45.527172 1.608099 0.250748
5 4 Car 0 0 -1.000000 -1 -1 -1 -1 1.466829 1.612758 4.211094 -10.728349 2.137460 30.725963 1.539794 15.086560
5 7 Car 0 0 -1.000000 -1 -1 -1 -1 1.405045 1.585263 3.788332 -25.772348 2.564212 31.550728 1.600584 5.299175
6 4 Car 0 0 -1.000000 -1 -1 -1 -1 1.513639 1.634570 4.151398 -10.789979 2.150443 32.289900 1.570401 14.216042
7 4 Car 0 0 -1.000000 -1 -1 -1 -1 1.504930 1.686436 4.243055 -10.768028 2.193050 33.756190 1.578430 20.458340
8 4 Car 0 0 -1.000000 -1 -1 -1 -1 1.524156 1.696820 4.564932 -10.811945 2.284770 35.448791 1.569640 8.467123
9 4 Car 0 0 -1.000000 -1 -1 -1 -1 1.551049 1.628912 4.202392 -10.701170 2.235913 36.860526 1.608568 5.418304
10 4 Car 0 0 -1.000000 -1 -1 -1 -1 1.502333 1.618254 4.091547 -10.732791 2.338794 38.193829 1.557820 4.007045
11 4 Car 0 0 -1.000000 -1 -1 -1 -1 1.499033 1.640769 4.237573 -10.617042 2.367985 39.800988 1.582539 3.679873
12 4 Car 0 0 -1.000000 -1 -1 -1 -1 1.499033 1.640769 4.237573 -10.651520 2.394921 37.966559 1.581351 3.679873
13 4 Car 0 0 -1.000000 -1 -1 -1 -1 1.570414 1.654201 4.143471 -10.740990 2.417837 42.754566 1.530711 1.798554
14 4 Car 0 0 -1.000000 -1 -1 -1 -1 1.464751 1.606173 3.919688 -10.762134 2.291772 44.024495 1.526792 0.886088
15 4 Car 0 0 -1.000000 -1 -1 -1 -1 1.448391 1.602665 3.860043 -10.319705 2.331122 45.386281 1.633684 1.057245
16 4 Car 0 0 -1.000000 -1 -1 -1 -1 1.432284 1.596975 3.813553 -10.400234 2.412989 46.816972 1.657424 1.096653
17 10 Car 0 0 -1.000000 -1 -1 -1 -1 1.416989 1.668653 3.890626 -11.204967 2.148440 14.575022 1.584535 44.260791
17 4 Car 0 0 -1.000000 -1 -1 -1 -1 1.450767 1.623853 4.163024 -10.513391 2.424824 48.367859 1.621456 2.075843
18 12 Car 0 0 -1.000000 -1 -1 -1 -1 1.377641 1.602083 3.925259 -11.238178 2.148571 16.245384 1.580599 82.079784
18 11 Car 0 0 -1.000000 -1 -1 -1 -1 1.451476 1.615620 3.695617 -17.581842 2.797566 68.016220 1.659507 0.015746
19 12 Car 0 0 -1.000000 -1 -1 -1 -1 1.374378 1.608962 3.909675 -11.280003 2.202936 17.801995 1.576592 68.149183
19 4 Car 0 0 -1.000000 -1 -1 -1 -1 1.461059 1.682449 4.039679 -10.476448 2.550278 51.171493 1.646975 1.738221
20 12 Car 0 0 -1.000000 -1 -1 -1 -1 1.383267 1.611969 3.821267 -11.273686 2.177160 19.351259 1.589183 83.123646
20 4 Car 0 0 -1.000000 -1 -1 -1 -1 1.522370 1.631156 3.724557 -10.576144 2.695133 52.502355 1.568270 0.838567
21 12 Car 0 0 -1.000000 -1 -1 -1 -1 1.403469 1.644193 3.772654 -11.317142 2.225309 20.896592 1.597248 68.582332
21 4 Car 0 0 -1.000000 -1 -1 -1 -1 1.446040 1.609603 4.041603 -10.570742 2.341605 54.069919 1.600098 0.064576
22 12 Car 0 0 -1.000000 -1 -1 -1 -1 1.391896 1.600522 3.642188 -11.347142 2.258447 22.414812 1.610106 64.040613
22 13 Car 0 0 -1.000000 -1 -1 -1 -1 1.578699 1.676824 3.843799 -6.134087 1.603463 38.315628 1.589162 0.212553
22 4 Car 0 0 -1.000000 -1 -1 -1 -1 1.409431 1.602999 3.945472 -10.653448 2.420627 55.429901 1.598814 0.042074
23 12 Car 0 0 -1.000000 -1 -1 -1 -1 1.353581 1.651333 4.015529 -11.396886 2.225998 24.119427 1.607127 51.103541
24 12 Car 0 0 -1.000000 -1 -1 -1 -1 1.393663 1.607263 3.672437 -11.473084 2.242196 25.468815 1.580929 65.410501
25 12 Car 0 0 -1.000000 -1 -1 -1 -1 1.423877 1.717366 4.109228 -11.581756 2.307829 27.223838 1.582932 50.064172
25 14 Car 0 0 -1.000000 -1 -1 -1 -1 1.523806 1.628380 3.918234 -19.166582 2.764873 49.724842 1.512723 0.807385
26 12 Car 0 0 -1.000000 -1 -1 -1 -1 1.374242 1.619282 3.692590 -11.655291 2.322779 28.532110 1.574204 38.178732
26 15 Car 0 0 -1.000000 -1 -1 -1 -1 1.482548 1.612515 3.586105 -6.892953 1.729049 45.444550 1.594178 0.090719
27 12 Car 0 0 -1.000000 -1 -1 -1 -1 1.371941 1.615086 3.727692 -11.732438 2.392723 30.009022 1.581835 41.732784
27 16 Car 0 0 -1.000000 -1 -1 -1 -1 1.537855 1.724720 3.848155 -27.919456 3.306480 74.172134 1.631705 0.070471
28 12 Car 0 0 -1.000000 -1 -1 -1 -1 1.418133 1.650472 3.631896 -11.831914 2.486603 31.484241 1.584500 37.932047
29 12 Car 0 0 -1.000000 -1 -1 -1 -1 1.403760 1.628406 3.624458 -11.944952 2.518433 32.963721 1.571096 29.426671
29 15 Car 0 0 -1.000000 -1 -1 -1 -1 1.514567 1.604255 3.591594 -7.486228 1.839189 39.566734 1.565952 0.011902
29 17 Car 0 0 -1.000000 -1 -1 -1 -1 1.746525 1.878667 4.524464 -28.740364 3.310449 66.035890 1.614093 0.228484
30 12 Car 0 0 -1.000000 -1 -1 -1 -1 1.420781 1.584629 3.912569 -12.143663 2.625951 34.586213 1.535285 7.019725
30 18 Car 0 0 -1.000000 -1 -1 -1 -1 1.525169 1.697817 3.845746 -26.995169 3.355448 39.914307 1.608964 6.674984
31 12 Car 0 0 -1.000000 -1 -1 -1 -1 1.496559 1.591147 3.671232 -12.017686 2.645399 36.089507 1.501757 1.354741
31 18 Car 0 0 -1.000000 -1 -1 -1 -1 1.450730 1.699417 4.074816 -27.123903 3.323566 35.746336 1.571754 18.851853
31 19 Car 0 0 -1.000000 -1 -1 -1 -1 1.876151 1.778292 4.329107 -29.329403 3.406422 57.376328 1.598097 0.051651
32 12 Car 0 0 -1.000000 -1 -1 -1 -1 1.485687 1.661128 4.161804 -12.144563 2.811134 37.703110 1.568799 5.973028
33 12 Car 0 0 -1.000000 -1 -1 -1 -1 1.470014 1.640170 3.953119 -12.242342 2.754476 39.087834 1.575219 3.009220
33 20 Car 0 0 -1.000000 -1 -1 -1 -1 1.971091 1.904239 4.669574 -29.749441 3.488077 48.774433 1.590492 0.016479
34 12 Car 0 0 -1.000000 -1 -1 -1 -1 1.500157 1.614723 3.763302 -12.438657 2.777966 40.441315 1.446887 1.133583
35 12 Car 0 0 -1.000000 -1 -1 -1 -1 1.562829 1.631214 3.793130 -12.519470 2.677442 42.024366 1.563040 0.332973
36 12 Car 0 0 -1.000000 -1 -1 -1 -1 1.462779 1.602802 3.706229 -12.518970 2.760582 43.380344 1.485926 0.989088
36 21 Car 0 0 -1.000000 -1 -1 -1 -1 1.471991 1.599746 3.972148 11.492228 1.667364 58.776463 1.645210 0.043275
37 12 Car 0 0 -1.000000 -1 -1 -1 -1 1.533673 1.650593 4.003605 -12.739340 2.700436 44.997048 1.601486 3.583213
38 12 Car 0 0 -1.000000 -1 -1 -1 -1 1.496004 1.628832 3.884629 -12.890181 2.811942 46.267796 1.589145 2.402757
39 12 Car 0 0 -1.000000 -1 -1 -1 -1 1.509192 1.621961 3.801890 -13.089450 2.961679 47.620710 1.619614 6.290504
40 12 Car 0 0 -1.000000 -1 -1 -1 -1 1.509192 1.621961 3.801890 -13.291731 3.015196 45.584521 1.614631 6.290504
41 12 Car 0 0 -1.000000 -1 -1 -1 -1 1.446278 1.625961 3.822617 -13.466897 2.986713 50.439491 1.580337 1.329956
41 22 Car 0 0 -1.000000 -1 -1 -1 -1 1.495827 1.624870 4.188031 -31.707110 4.080561 51.654580 1.497308 0.568468
42 12 Car 0 0 -1.000000 -1 -1 -1 -1 1.508823 1.642745 4.039374 -13.661307 3.001265 51.997802 1.559143 2.588075
42 22 Car 0 0 -1.000000 -1 -1 -1 -1 1.522062 1.738049 4.087385 -31.938717 3.978767 47.584062 1.556581 1.363379
43 12 Car 0 0 -1.000000 -1 -1 -1 -1 1.538117 1.642770 3.735877 -13.746019 2.993809 53.336889 1.571477 2.015625
43 22 Car 0 0 -1.000000 -1 -1 -1 -1 1.522062 1.738049 4.087385 -32.153204 3.870748 43.458083 1.552943 1.363379
45 23 Car 0 0 -1.000000 -1 -1 -1 -1 1.527179 1.762784 3.993691 -35.128544 4.153050 54.988390 1.520205 1.194857
46 23 Car 0 0 -1.000000 -1 -1 -1 -1 1.487472 1.645286 4.343038 -35.173088 4.132958 50.520612 1.499564 2.526130
47 23 Car 0 0 -1.000000 -1 -1 -1 -1 1.549640 1.691925 4.150571 -35.423310 4.166563 46.496833 1.472897 4.411952
55 24 Car 0 0 -1.000000 -1 -1 -1 -1 1.480115 1.680345 4.352575 -25.952541 4.008563 56.184840 1.508169 0.348903
57 25 Car 0 0 -1.000000 -1 -1 -1 -1 1.485498 1.595950 3.925361 9.277843 1.849365 40.977962 1.714892 0.063094
57 24 Car 0 0 -1.000000 -1 -1 -1 -1 1.480115 1.680345 4.352575 -26.652134 4.279121 51.629871 1.495051 5.582449
58 24 Car 0 0 -1.000000 -1 -1 -1 -1 1.480115 1.680345 4.352575 -26.899508 4.454450 49.355826 1.489797 5.582449
59 24 Car 0 0 -1.000000 -1 -1 -1 -1 1.480115 1.680345 4.352575 -27.122058 4.428231 47.123896 1.484903 5.582449
75 27 Car 0 0 -1.000000 -1 -1 -1 -1 1.610495 1.633723 3.828790 -7.590608 1.707110 51.080368 1.801771 0.037443
87 32 Car 0 0 -1.000000 -1 -1 -1 -1 1.609759 1.676733 3.852193 -11.603147 2.025238 65.171000 1.875013 0.016847
91 34 Car 0 0 -1.000000 -1 -1 -1 -1 1.531364 1.562971 3.511701 -13.413532 2.159307 56.688915 1.734303 0.016470
95 35 Car 0 0 -1.000000 -1 -1 -1 -1 1.534326 1.584499 3.644463 -15.171045 2.059255 48.073020 1.654805 0.090436
96 35 Car 0 0 -1.000000 -1 -1 -1 -1 1.595618 1.632622 3.763928 -15.460652 2.184807 45.993362 1.819424 1.441813
100 37 Car 0 0 -1.000000 -1 -1 -1 -1 1.600670 1.680571 3.633433 -2.474859 1.625442 48.095910 1.713928 0.056358
103 37 Car 0 0 -1.000000 -1 -1 -1 -1 1.560794 1.716296 3.578224 -3.443196 1.570180 41.969390 1.683455 0.012280
112 38 Car 0 0 -1.000000 -1 -1 -1 -1 1.515979 1.592839 3.836293 -22.993969 2.998741 55.856970 1.424197 0.038548
113 39 Car 0 0 -1.000000 -1 -1 -1 -1 1.516150 1.580050 3.722411 -22.039790 2.759638 48.738007 1.437112 0.016589
120 40 Car 0 0 -1.000000 -1 -1 -1 -1 1.527749 1.613266 3.860846 4.463622 2.061583 54.103653 1.743355 0.173559
169 50 Pedestrian 0 0 -1.000000 -1 -1 -1 -1 1.616188 0.591350 0.708496 -5.589362 1.573851 10.387196 1.477575 0.060937
171 50 Pedestrian 0 0 -1.000000 -1 -1 -1 -1 1.691553 0.721895 0.684627 -5.384200 1.563899 6.553285 1.950345 1.123981
221 58 Car 0 0 -1.000000 -1 -1 -1 -1 1.510448 1.609902 3.949042 6.298161 0.755857 57.630356 2.135190 0.043751
233 60 Car 0 0 -1.000000 -1 -1 -1 -1 1.570155 1.693065 4.211839 -8.603927 0.647419 48.361652 2.214644 0.066972
235 60 Car 0 0 -1.000000 -1 -1 -1 -1 1.558460 1.666422 4.128864 -7.452104 0.622527 46.852220 2.235907 0.076821
254 62 Car 0 0 -1.000000 -1 -1 -1 -1 1.509923 1.637933 3.927229 14.754496 1.858329 42.657560 2.055455 0.016056
276 63 Car 0 0 -1.000000 -1 -1 -1 -1 1.472896 1.679984 3.833378 -8.636782 2.172743 45.312447 1.622279 0.639209
279 64 Car 0 0 -1.000000 -1 -1 -1 -1 1.476960 1.610373 3.792473 -17.512053 2.264341 26.779072 1.588695 0.743305
280 64 Car 0 0 -1.000000 -1 -1 -1 -1 1.417854 1.622589 4.054282 -17.787882 2.247323 21.975845 1.609512 1.303669
293 65 Car 0 0 -1.000000 -1 -1 -1 -1 1.535597 1.665903 3.820959 -9.290853 2.418645 62.873610 1.734327 0.032027
295 66 Car 0 0 -1.000000 -1 -1 -1 -1 1.581459 1.616259 3.554158 -24.601288 3.134813 53.392440 1.552900 0.117984
318 68 Car 0 0 -1.000000 -1 -1 -1 -1 1.451564 1.652248 3.697173 -17.700636 2.651013 26.778555 1.689537 20.652796
325 69 Car 0 0 -1.000000 -1 -1 -1 -1 1.454600 1.641403 4.051966 -8.431591 1.936773 53.852695 1.661213 0.070979
330 70 Car 0 0 -1.000000 -1 -1 -1 -1 1.555197 1.632296 3.672834 -20.891666 2.636547 54.172085 1.588142 0.019047
341 72 Car 0 0 -1.000000 -1 -1 -1 -1 1.529864 1.643899 4.072537 -4.704964 2.176428 60.595800 1.769869 0.016630
350 74 Car 0 0 -1.000000 -1 -1 -1 -1 1.518261 1.631368 4.082755 -3.898870 2.153108 67.825745 1.617414 0.121646
354 75 Car 0 0 -1.000000 -1 -1 -1 -1 1.694234 1.633311 3.996525 11.636152 1.546789 46.488403 1.621067 0.017025
356 75 Car 0 0 -1.000000 -1 -1 -1 -1 1.449553 1.595348 3.634086 11.114320 1.563469 41.676662 1.821018 0.158651
357 76 Car 0 0 -1.000000 -1 -1 -1 -1 1.502628 1.618136 4.161459 -4.669718 1.818876 59.482857 1.672604 0.097594
363 77 Car 0 0 -1.000000 -1 -1 -1 -1 1.527099 1.780720 4.102493 -6.333113 1.934482 45.252785 1.610413 0.146933
378 78 Car 0 0 -1.000000 -1 -1 -1 -1 1.503369 1.683990 3.965468 -13.997986 2.529357 52.300148 1.593215 3.289929
379 78 Car 0 0 -1.000000 -1 -1 -1 -1 1.472735 1.609499 3.932235 -14.145318 2.512600 47.047533 1.539835 1.351808
380 78 Car 0 0 -1.000000 -1 -1 -1 -1 1.474266 1.681726 4.099168 -14.111517 2.406710 41.591145 1.531909 6.212183
381 78 Car 0 0 -1.000000 -1 -1 -1 -1 1.501239 1.753005 4.344553 -14.120107 2.287056 36.329081 1.561215 16.460361
382 78 Car 0 0 -1.000000 -1 -1 -1 -1 1.458893 1.655938 3.918405 -14.070922 2.390215 30.758382 1.603232 25.875829
383 78 Car 0 0 -1.000000 -1 -1 -1 -1 1.467710 1.700012 3.981664 -14.144300 2.343658 25.308630 1.586829 54.375931
384 78 Car 0 0 -1.000000 -1 -1 -1 -1 1.459295 1.612824 3.782017 -14.113473 2.214455 19.887372 1.567926 60.365940
388 80 Car 0 0 -1.000000 -1 -1 -1 -1 1.501414 1.611680 3.767608 3.582335 2.243309 73.063780 1.455634 0.017891
391 81 Car 0 0 -1.000000 -1 -1 -1 -1 1.493359 1.635540 3.892250 -7.341736 2.129178 45.854073 1.517152 0.121962
392 82 Car 0 0 -1.000000 -1 -1 -1 -1 1.528725 1.640249 3.944029 -13.858435 2.492193 61.205902 1.681928 0.255110
393 82 Car 0 0 -1.000000 -1 -1 -1 -1 1.528725 1.640249 3.944029 -13.848722 2.193775 58.818582 1.681819 0.255110
394 84 Car 0 0 -1.000000 -1 -1 -1 -1 1.408055 1.585530 3.899247 -13.689724 2.223046 49.512066 1.731185 0.258674
394 83 Car 0 0 -1.000000 -1 -1 -1 -1 1.465214 1.604696 4.021622 3.530565 1.865447 59.101063 1.479106 0.019477
395 84 Car 0 0 -1.000000 -1 -1 -1 -1 1.475426 1.617180 4.286579 -13.957382 2.342029 44.150153 1.573551 3.458617
396 84 Car 0 0 -1.000000 -1 -1 -1 -1 1.475426 1.617180 4.286579 -13.944225 2.415477 41.772583 1.573427 3.458617
397 85 Car 0 0 -1.000000 -1 -1 -1 -1 1.520578 1.669442 4.240332 -13.181362 2.435483 32.993584 1.632796 1.298074
398 85 Car 0 0 -1.000000 -1 -1 -1 -1 1.444466 1.626415 4.168766 -14.089044 2.277975 27.528853 1.586083 17.274003
399 85 Car 0 0 -1.000000 -1 -1 -1 -1 1.512763 1.650160 4.312061 -14.144187 2.248917 22.018004 1.615580 33.843289
410 86 Car 0 0 -1.000000 -1 -1 -1 -1 1.468727 1.621597 3.746598 3.761630 1.946428 72.490180 1.559094 0.253277
411 86 Car 0 0 -1.000000 -1 -1 -1 -1 1.585076 1.650315 3.580386 3.576052 1.932608 70.210090 1.514967 4.218496
412 87 Car 0 0 -1.000000 -1 -1 -1 -1 1.434538 1.575448 3.724533 -14.272537 1.963742 19.287928 1.568043 0.628593
412 86 Car 0 0 -1.000000 -1 -1 -1 -1 1.490978 1.608490 3.691894 3.427993 1.807222 67.949997 1.477315 4.395441
413 86 Car 0 0 -1.000000 -1 -1 -1 -1 1.670265 1.687046 3.767008 3.364654 1.765509 65.713434 1.560621 4.184680
414 86 Car 0 0 -1.000000 -1 -1 -1 -1 1.554398 1.640003 3.726674 3.076608 1.677796 63.371961 1.487653 4.148009
415 86 Car 0 0 -1.000000 -1 -1 -1 -1 1.620255 1.696921 3.627253 3.068090 1.660810 61.004036 1.530953 1.002609
416 86 Car 0 0 -1.000000 -1 -1 -1 -1 1.620255 1.696921 3.627253 2.948651 1.650773 58.637121 1.528486 1.002609
417 86 Car 0 0 -1.000000 -1 -1 -1 -1 1.424236 1.668182 3.564295 2.840004 1.727604 56.416681 1.554938 5.649481
418 86 Car 0 0 -1.000000 -1 -1 -1 -1 1.631493 1.675867 3.777774 2.939264 1.837179 54.298972 1.644769 12.386380
419 88 Car 0 0 -1.000000 -1 -1 -1 -1 1.454622 1.588406 4.034852 5.265554 1.852487 36.134514 1.518294 0.042085
419 86 Car 0 0 -1.000000 -1 -1 -1 -1 1.599426 1.682778 3.806858 2.908558 1.841614 51.961640 1.583706 11.166789
420 86 Car 0 0 -1.000000 -1 -1 -1 -1 1.648568 1.698168 3.792263 2.882567 1.764693 49.673523 1.554752 16.026723
421 86 Car 0 0 -1.000000 -1 -1 -1 -1 1.759393 1.687790 4.232598 2.890174 1.672358 47.557512 1.569191 35.857841
422 86 Car 0 0 -1.000000 -1 -1 -1 -1 1.754789 1.668471 4.275235 2.989437 1.632330 45.260673 1.569669 13.145866
423 86 Car 0 0 -1.000000 -1 -1 -1 -1 1.636259 1.694378 3.870536 2.987891 1.585034 42.783423 1.582469 1.622896
423 90 Pedestrian 0 0 -1.000000 -1 -1 -1 -1 1.718064 0.741983 0.651530 4.564145 1.638571 42.875770 1.693752 0.065051
424 86 Car 0 0 -1.000000 -1 -1 -1 -1 1.650085 1.680901 4.155632 3.004934 1.595182 40.648014 1.568031 7.507858
425 86 Car 0 0 -1.000000 -1 -1 -1 -1 1.638821 1.680484 4.033125 3.136494 1.534543 38.217556 1.583721 0.914761
425 90 Pedestrian 0 0 -1.000000 -1 -1 -1 -1 1.772696 0.711803 0.623313 4.648801 1.570408 38.237912 1.544356 0.177853
426 90 Pedestrian 0 0 -1.000000 -1 -1 -1 -1 1.700246 0.579162 0.632422 4.669740 1.607694 35.934241 1.441833 2.849716
427 86 Car 0 0 -1.000000 -1 -1 -1 -1 1.710948 1.695520 4.351947 3.156626 1.599686 33.754128 1.574478 1.831026
427 90 Pedestrian 0 0 -1.000000 -1 -1 -1 -1 1.808555 0.666956 0.746538 4.678038 1.646086 33.611374 1.480745 6.300080
428 86 Car 0 0 -1.000000 -1 -1 -1 -1 1.602228 1.654047 4.030612 3.154626 1.593031 31.318787 1.553432 0.415295
428 90 Pedestrian 0 0 -1.000000 -1 -1 -1 -1 1.736355 0.549055 0.675636 4.739465 1.612066 31.335355 1.403080 28.688029
429 86 Car 0 0 -1.000000 -1 -1 -1 -1 1.642750 1.691595 4.232994 3.184697 1.536378 29.075610 1.572778 2.613207
429 90 Pedestrian 0 0 -1.000000 -1 -1 -1 -1 1.832474 0.601011 0.769575 4.760084 1.607866 28.964583 1.425211 20.964724
430 86 Car 0 0 -1.000000 -1 -1 -1 -1 1.604794 1.683272 4.072112 3.180654 1.507947 26.691899 1.542342 13.047380
430 90 Pedestrian 0 0 -1.000000 -1 -1 -1 -1 1.859831 0.629329 0.749791 4.764862 1.642588 26.712689 1.491872 27.031830
430 93 Car 0 0 -1.000000 -1 -1 -1 -1 1.693856 1.615731 3.937455 -21.770740 2.498274 57.334087 1.525086 0.016371
431 86 Car 0 0 -1.000000 -1 -1 -1 -1 1.701984 1.711041 4.334503 3.254527 1.569900 24.493854 1.593472 63.368548
431 90 Pedestrian 0 0 -1.000000 -1 -1 -1 -1 1.859280 0.629600 0.772771 4.780969 1.640722 24.331735 1.517569 34.749379
432 86 Car 0 0 -1.000000 -1 -1 -1 -1 1.585269 1.671709 4.373580 3.194676 1.558424 22.208153 1.561203 58.398991
432 90 Pedestrian 0 0 -1.000000 -1 -1 -1 -1 1.797888 0.682164 0.721015 4.813302 1.596552 22.004964 1.615720 32.758673
433 86 Car 0 0 -1.000000 -1 -1 -1 -1 1.630923 1.662311 4.116377 3.233172 1.571030 19.744319 1.568827 61.772881
433 90 Pedestrian 0 0 -1.000000 -1 -1 -1 -1 1.720870 0.685718 0.795403 4.835810 1.575566 19.659465 1.542465 29.972089
434 86 Car 0 0 -1.000000 -1 -1 -1 -1 1.596440 1.682482 4.567361 3.244097 1.592497 17.665172 1.552211 110.633141
434 90 Pedestrian 0 0 -1.000000 -1 -1 -1 -1 1.736881 0.678910 0.826316 4.881101 1.593914 17.342960 1.587558 53.568176
435 86 Car 0 0 -1.000000 -1 -1 -1 -1 1.569489 1.677415 4.329283 3.279038 1.553336 15.184560 1.572682 85.548758
435 90 Pedestrian 0 0 -1.000000 -1 -1 -1 -1 1.726088 0.688479 0.753691 4.884567 1.579100 15.022291 1.504956 47.068746
436 86 Car 0 0 -1.000000 -1 -1 -1 -1 1.609692 1.661199 4.418396 3.265184 1.569381 12.896328 1.557146 104.529312
436 90 Pedestrian 0 0 -1.000000 -1 -1 -1 -1 1.722516 0.676329 0.781742 4.863082 1.584087 12.652800 1.522964 42.109796
437 86 Car 0 0 -1.000000 -1 -1 -1 -1 1.648630 1.677547 4.491147 3.294208 1.572139 10.578394 1.574983 80.362789
437 90 Pedestrian 0 0 -1.000000 -1 -1 -1 -1 1.709961 0.646627 0.622088 4.854887 1.588966 10.328976 1.526759 36.007383
438 86 Car 0 0 -1.000000 -1 -1 -1 -1 1.628756 1.679972 4.543602 3.264935 1.597775 8.286910 1.569941 92.482022
439 86 Car 0 0 -1.000000 -1 -1 -1 -1 1.628756 1.679972 4.543602 3.257509 1.604219 5.896191 1.569431 92.482022
440 97 Car 0 0 -1.000000 -1 -1 -1 -1 1.420437 1.596196 3.722472 -3.468900 1.704010 6.909524 1.580356 64.615703
440 86 Car 0 0 -1.000000 -1 -1 -1 -1 1.628756 1.679972 4.543602 3.284415 1.601228 3.671523 1.568362 92.482022
441 97 Car 0 0 -1.000000 -1 -1 -1 -1 1.459208 1.598776 3.595128 -3.450759 1.703550 7.620499 1.562124 85.295788
442 97 Car 0 0 -1.000000 -1 -1 -1 -1 1.444895 1.608977 3.693053 -3.434834 1.697248 8.399648 1.575258 83.557270
443 97 Car 0 0 -1.000000 -1 -1 -1 -1 1.484498 1.626955 3.677347 -3.432889 1.681916 9.167079 1.565938 109.047252
444 97 Car 0 0 -1.000000 -1 -1 -1 -1 1.476757 1.617407 3.660423 -3.434448 1.703348 9.984868 1.572683 99.498772
445 97 Car 0 0 -1.000000 -1 -1 -1 -1 1.480436 1.614318 3.613467 -3.436454 1.707282 10.752972 1.566472 95.425739
446 97 Car 0 0 -1.000000 -1 -1 -1 -1 1.475676 1.614915 3.625042 -3.438927 1.699703 11.550265 1.571890 112.881041
447 97 Car 0 0 -1.000000 -1 -1 -1 -1 1.455857 1.627165 3.607053 -3.435287 1.696108 12.358375 1.569400 87.390415
448 97 Car 0 0 -1.000000 -1 -1 -1 -1 1.470635 1.619661 3.543108 -3.425877 1.726948 13.181663 1.566468 83.919094
449 97 Car 0 0 -1.000000 -1 -1 -1 -1 1.470889 1.617341 3.640353 -3.419288 1.693333 14.016609 1.563904 85.208558
450 97 Car 0 0 -1.000000 -1 -1 -1 -1 1.490760 1.612385 3.603479 -3.392853 1.696886 14.863278 1.564678 87.916397
450 102 Car 0 0 -1.000000 -1 -1 -1 -1 1.551400 1.636487 3.821288 -14.691227 1.990082 69.405360 1.665524 0.575596
451 97 Car 0 0 -1.000000 -1 -1 -1 -1 1.469433 1.598321 3.581318 -3.420408 1.705953 15.684042 1.560908 76.719246
451 103 Car 0 0 -1.000000 -1 -1 -1 -1 1.524946 1.625580 3.820820 -14.717985 1.877322 63.216763 1.506406 0.017640
452 97 Car 0 0 -1.000000 -1 -1 -1 -1 1.441164 1.620892 3.578170 -3.372649 1.715851 16.593248 1.572282 75.317180
452 103 Car 0 0 -1.000000 -1 -1 -1 -1 1.524946 1.625580 3.820820 -14.725568 1.885461 60.751528 1.506730 0.282237
453 97 Car 0 0 -1.000000 -1 -1 -1 -1 1.450189 1.603568 3.592230 -3.328987 1.729408 17.481580 1.587643 82.377897
453 104 Car 0 0 -1.000000 -1 -1 -1 -1 1.516817 1.625798 3.921870 -14.459791 1.805356 51.240685 1.667229 3.803798
454 97 Car 0 0 -1.000000 -1 -1 -1 -1 1.458388 1.620845 3.555571 -3.284021 1.732825 18.291792 1.569367 87.828512
454 105 Car 0 0 -1.000000 -1 -1 -1 -1 1.528806 1.701414 3.913576 -14.424362 1.682647 45.044960 1.520912 7.360665
455 97 Car 0 0 -1.000000 -1 -1 -1 -1 1.475475 1.618411 3.554345 -3.243775 1.705302 19.164595 1.564278 83.517439
455 106 Car 0 0 -1.000000 -1 -1 -1 -1 1.487706 1.627770 3.560644 -14.281979 1.727380 38.738037 1.600118 10.736397
456 97 Car 0 0 -1.000000 -1 -1 -1 -1 1.464184 1.610447 3.597291 -3.184639 1.732079 20.133676 1.585328 71.251684
456 106 Car 0 0 -1.000000 -1 -1 -1 -1 1.452345 1.741307 4.014188 -14.256239 1.642786 32.964543 1.568852 36.637068
457 97 Car 0 0 -1.000000 -1 -1 -1 -1 1.457278 1.631788 3.590027 -3.081271 1.719488 21.031733 1.580563 67.082963
457 106 Car 0 0 -1.000000 -1 -1 -1 -1 1.459646 1.724119 3.913425 -14.218634 1.587323 26.911226 1.559442 49.580793
457 107 Car 0 0 -1.000000 -1 -1 -1 -1 1.568300 1.716866 3.947038 -16.177582 1.739619 59.692066 1.570331 2.199138
458 97 Car 0 0 -1.000000 -1 -1 -1 -1 1.437436 1.606473 3.621613 -2.994586 1.737447 21.948821 1.605507 77.483846
458 106 Car 0 0 -1.000000 -1 -1 -1 -1 1.494144 1.613077 3.633243 -14.087846 1.628998 20.930037 1.566567 69.782123
458 107 Car 0 0 -1.000000 -1 -1 -1 -1 1.661516 1.868696 4.237535 -15.890030 1.654656 54.386027 1.634071 3.394830
459 97 Car 0 0 -1.000000 -1 -1 -1 -1 1.472031 1.624241 3.639586 -2.934461 1.727121 22.855355 1.576834 70.839759
459 108 Car 0 0 -1.000000 -1 -1 -1 -1 1.474889 1.591539 3.766865 -22.344395 1.823931 41.815580 1.506554 0.017563
459 107 Car 0 0 -1.000000 -1 -1 -1 -1 1.661516 1.868696 4.237535 -15.622019 1.586160 49.030359 1.636563 3.394830
460 97 Car 0 0 -1.000000 -1 -1 -1 -1 1.493885 1.594237 3.540979 -2.774209 1.718532 23.680367 1.617761 59.535577
460 107 Car 0 0 -1.000000 -1 -1 -1 -1 1.555249 1.590701 3.653087 -15.619129 1.742317 43.340128 1.560236 6.022763
461 97 Car 0 0 -1.000000 -1 -1 -1 -1 1.445804 1.632381 3.722441 -2.698386 1.729029 24.695814 1.594481 55.937461
461 107 Car 0 0 -1.000000 -1 -1 -1 -1 1.736290 1.677866 3.556364 -15.571276 1.693376 37.967629 1.495545 6.749528
462 97 Car 0 0 -1.000000 -1 -1 -1 -1 1.434097 1.595755 3.571502 -2.549868 1.733323 25.546202 1.606727 64.703496
462 107 Car 0 0 -1.000000 -1 -1 -1 -1 1.819091 1.700278 3.982978 -15.391506 1.736178 32.675271 1.535343 24.783228
463 97 Car 0 0 -1.000000 -1 -1 -1 -1 1.417527 1.574182 3.492034 -2.452053 1.732717 26.381806 1.616890 48.042443
463 107 Car 0 0 -1.000000 -1 -1 -1 -1 1.868449 1.754641 4.237674 -15.322794 1.745500 27.464319 1.545883 36.086762
464 107 Car 0 0 -1.000000 -1 -1 -1 -1 1.767110 1.691304 4.068703 -15.246396 1.653317 22.050639 1.557654 79.993285
464 97 Car 0 0 -1.000000 -1 -1 -1 -1 1.429848 1.595399 3.679686 -2.396563 1.716689 27.445328 1.575861 44.261122
464 109 Car 0 0 -1.000000 -1 -1 -1 -1 1.528760 1.607225 3.945563 6.418318 1.853705 53.619957 1.730736 0.017811
465 97 Car 0 0 -1.000000 -1 -1 -1 -1 1.427668 1.574665 3.541395 -2.276464 1.773260 28.329444 1.598641 50.231167
465 109 Car 0 0 -1.000000 -1 -1 -1 -1 1.588155 1.691990 3.563778 6.392099 2.080703 51.119198 1.591465 0.016035
466 97 Car 0 0 -1.000000 -1 -1 -1 -1 1.461262 1.594264 3.637487 -2.163386 1.829203 29.280983 1.593675 50.614920
466 109 Car 0 0 -1.000000 -1 -1 -1 -1 1.607786 1.680053 3.947359 6.422271 2.019350 48.997272 1.659812 0.071471
466 110 Car 0 0 -1.000000 -1 -1 -1 -1 1.520123 1.607238 3.848754 -15.750436 1.846526 64.383484 1.619487 0.015886
467 97 Car 0 0 -1.000000 -1 -1 -1 -1 1.471945 1.634828 3.885795 -2.069723 1.817374 30.354821 1.605821 30.837005
467 112 Car 0 0 -1.000000 -1 -1 -1 -1 1.508739 1.600461 3.825251 -15.791306 1.770456 58.481180 1.598740 0.125694
468 97 Car 0 0 -1.000000 -1 -1 -1 -1 1.459022 1.611242 3.658778 -2.026353 1.777897 31.244772 1.590651 34.794772
468 109 Car 0 0 -1.000000 -1 -1 -1 -1 1.595078 1.659314 3.766133 6.460594 1.963941 44.152455 1.600158 0.011477
469 97 Car 0 0 -1.000000 -1 -1 -1 -1 1.577813 1.630288 3.667353 -1.992410 1.687477 32.187787 1.557002 26.054841
470 97 Car 0 0 -1.000000 -1 -1 -1 -1 1.584416 1.631499 3.670298 -1.988099 1.721327 33.098560 1.534036 25.673993
470 109 Car 0 0 -1.000000 -1 -1 -1 -1 1.616656 1.639335 3.666618 6.856274 2.138549 39.511445 1.629423 0.117667
470 115 Car 0 0 -1.000000 -1 -1 -1 -1 1.576392 1.683549 3.806429 -15.264453 1.550534 40.950810 1.804503 0.344541
471 97 Car 0 0 -1.000000 -1 -1 -1 -1 1.568266 1.610158 3.581144 -1.885407 1.711533 34.069571 1.589023 24.675702
471 116 Car 0 0 -1.000000 -1 -1 -1 -1 1.624020 1.639190 4.105996 -14.867918 1.643399 34.775703 1.619153 0.038125
472 116 Car 0 0 -1.000000 -1 -1 -1 -1 1.594491 1.709478 3.762566 -15.253330 1.482700 29.091407 1.534699 23.270322
472 97 Car 0 0 -1.000000 -1 -1 -1 -1 1.521901 1.611543 3.723197 -1.752983 1.688302 35.097505 1.616475 19.526610
473 116 Car 0 0 -1.000000 -1 -1 -1 -1 1.722375 1.688446 4.002564 -15.205181 1.602592 23.037770 1.541772 19.328102
473 97 Car 0 0 -1.000000 -1 -1 -1 -1 1.527036 1.580800 3.412624 -1.733729 1.737711 35.938725 1.596234 29.443982
474 97 Car 0 0 -1.000000 -1 -1 -1 -1 1.500752 1.593906 3.552516 -1.655169 1.779620 36.976923 1.623621 25.336490
475 97 Car 0 0 -1.000000 -1 -1 -1 -1 1.616869 1.632666 3.649498 -1.631410 1.774721 38.051372 1.617529 23.057336
476 97 Car 0 0 -1.000000 -1 -1 -1 -1 1.481186 1.601992 3.905585 -1.540647 1.794058 39.037381 1.610820 16.675994
477 120 Pedestrian 0 0 -1.000000 -1 -1 -1 -1 1.826849 0.747473 0.996379 7.837705 1.792114 15.493999 1.619241 0.021071
477 97 Car 0 0 -1.000000 -1 -1 -1 -1 1.484387 1.596144 3.971734 -1.565669 1.737865 40.143527 1.600336 14.557254
478 121 Pedestrian 0 0 -1.000000 -1 -1 -1 -1 1.877244 0.682577 1.063420 7.770554 2.297312 17.342688 1.317265 0.009382
478 97 Car 0 0 -1.000000 -1 -1 -1 -1 1.494895 1.575971 3.681418 -1.613819 1.763934 40.977261 1.558335 13.232414
479 97 Car 0 0 -1.000000 -1 -1 -1 -1 1.451918 1.581234 3.623139 -1.519859 1.755720 41.956600 1.551506 14.842036
480 97 Car 0 0 -1.000000 -1 -1 -1 -1 1.594435 1.641125 4.068785 -1.619250 1.687091 43.244692 1.551982 13.670012
481 97 Car 0 0 -1.000000 -1 -1 -1 -1 1.578577 1.644564 3.796767 -1.608646 1.730318 44.142804 1.529553 15.020261
482 97 Car 0 0 -1.000000 -1 -1 -1 -1 1.562785 1.628980 3.909183 -1.651643 1.758537 45.239621 1.500686 14.838261
483 97 Car 0 0 -1.000000 -1 -1 -1 -1 1.521553 1.598421 3.520784 -1.637108 1.721720 46.024729 1.546278 13.799417
484 97 Car 0 0 -1.000000 -1 -1 -1 -1 1.472356 1.575365 3.666305 -1.655899 1.644220 47.135214 1.538507 8.342154
485 97 Car 0 0 -1.000000 -1 -1 -1 -1 1.537140 1.586029 3.489527 -1.674839 1.644187 48.048071 1.545757 11.231548
486 97 Car 0 0 -1.000000 -1 -1 -1 -1 1.557864 1.632589 3.615708 -1.644849 1.680553 49.143396 1.568223 14.494051
487 97 Car 0 0 -1.000000 -1 -1 -1 -1 1.563679 1.617435 3.763608 -1.554322 1.723055 50.258609 1.646193 14.870820
488 97 Car 0 0 -1.000000 -1 -1 -1 -1 1.536727 1.622333 3.765091 -1.779398 1.675875 51.393096 1.479474 8.666692
489 97 Car 0 0 -1.000000 -1 -1 -1 -1 1.542907 1.628655 3.631651 -1.726272 1.772783 52.329014 1.505342 6.757634
490 97 Car 0 0 -1.000000 -1 -1 -1 -1 1.540773 1.656642 3.644868 -1.666915 1.790547 53.449753 1.553906 8.424617
491 97 Car 0 0 -1.000000 -1 -1 -1 -1 1.583784 1.689878 3.704679 -1.684333 1.881550 54.549131 1.544737 7.875059
492 97 Car 0 0 -1.000000 -1 -1 -1 -1 1.483703 1.695188 3.728769 -1.729774 1.903724 55.634599 1.549178 2.519408
493 97 Car 0 0 -1.000000 -1 -1 -1 -1 1.587727 1.624512 3.796656 -1.650491 1.585972 56.962050 1.544039 2.383183
494 97 Car 0 0 -1.000000 -1 -1 -1 -1 1.517790 1.620764 3.924287 -1.463430 1.533360 57.873040 1.784458 5.188471
495 97 Car 0 0 -1.000000 -1 -1 -1 -1 1.508531 1.600052 3.767794 -1.682752 1.646487 58.987542 1.476982 6.088082
496 97 Car 0 0 -1.000000 -1 -1 -1 -1 1.519307 1.616007 3.862862 -1.529892 1.684317 60.198168 1.578293 5.995815
497 97 Car 0 0 -1.000000 -1 -1 -1 -1 1.489569 1.607958 3.767855 -1.454252 1.570508 61.236485 1.574847 0.535463
498 97 Car 0 0 -1.000000 -1 -1 -1 -1 1.489569 1.607958 3.767855 -1.388197 1.526373 58.889447 1.575663 0.535463
499 126 Pedestrian 0 0 -1.000000 -1 -1 -1 -1 1.693408 0.620003 0.704977 5.998731 2.095166 9.320647 -1.122125 0.009903
499 97 Car 0 0 -1.000000 -1 -1 -1 -1 1.489569 1.607958 3.767855 -1.298292 1.541483 56.572088 1.577039 0.535463
500 127 Car 0 0 -1.000000 -1 -1 -1 -1 1.558671 1.631973 3.949112 -1.829049 1.790568 64.689970 1.401487 4.720229
501 127 Car 0 0 -1.000000 -1 -1 -1 -1 1.502205 1.621476 3.612966 -1.407011 1.816271 65.674357 1.640273 2.547378
502 127 Car 0 0 -1.000000 -1 -1 -1 -1 1.467201 1.613912 3.527592 -1.602732 1.811711 66.815699 1.600911 2.450728
503 127 Car 0 0 -1.000000 -1 -1 -1 -1 1.501650 1.635734 3.518065 -1.868038 1.887354 68.045688 1.452160 1.656941
504 127 Car 0 0 -1.000000 -1 -1 -1 -1 1.424141 1.673225 3.675162 -1.495923 1.828275 69.210959 1.642340 0.537086
505 127 Car 0 0 -1.000000 -1 -1 -1 -1 1.424141 1.673225 3.675162 -1.417707 1.789283 66.876588 1.643039 0.537086
506 127 Car 0 0 -1.000000 -1 -1 -1 -1 1.424141 1.673225 3.675162 -1.340041 1.715675 64.534588 1.643718 0.537086
507 131 Car 0 0 -1.000000 -1 -1 -1 -1 1.500361 1.634764 3.504986 -1.917540 1.929274 72.631690 1.461146 0.908161
508 130 Pedestrian 0 0 -1.000000 -1 -1 -1 -1 1.769433 0.612014 0.575707 6.403280 1.659029 28.030083 1.753046 0.271333
508 132 Car 0 0 -1.000000 -1 -1 -1 -1 1.525803 1.601798 3.963910 4.675796 2.036545 53.639317 1.461153 0.016759
508 133 Car 0 0 -1.000000 -1 -1 -1 -1 1.582031 1.675602 3.706092 -1.531591 2.062222 74.073290 1.774242 1.124941
510 135 Car 0 0 -1.000000 -1 -1 -1 -1 1.468293 1.587311 3.547309 -2.390663 1.870446 76.098330 1.216304 1.299327
511 135 Car 0 0 -1.000000 -1 -1 -1 -1 1.468293 1.587311 3.547309 -2.326410 1.811848 73.749891 1.216944 1.299327
512 135 Car 0 0 -1.000000 -1 -1 -1 -1 1.468293 1.587311 3.547309 -2.246763 1.737507 71.378429 1.217926 1.299327
513 135 Car 0 0 -1.000000 -1 -1 -1 -1 1.468293 1.587311 3.547309 -2.182248 1.653055 69.034264 1.218694 1.299327
514 135 Car 0 0 -1.000000 -1 -1 -1 -1 1.468293 1.587311 3.547309 -2.145789 1.750544 66.607797 1.219437 1.299327
515 135 Car 0 0 -1.000000 -1 -1 -1 -1 1.468293 1.587311 3.547309 -2.089314 1.743470 64.277754 1.219976 1.299327
517 135 Car 0 0 -1.000000 -1 -1 -1 -1 1.468293 1.587311 3.547309 -2.013067 1.705330 59.598800 1.221031 1.299327
518 139 Car 0 0 -1.000000 -1 -1 -1 -1 1.492073 1.548722 3.449571 -23.148600 1.638424 38.830715 1.495181 0.018246
518 135 Car 0 0 -1.000000 -1 -1 -1 -1 1.468293 1.587311 3.547309 -2.007197 1.733725 57.202542 1.221008 1.299327
519 138 Pedestrian 0 0 -1.000000 -1 -1 -1 -1 1.865370 0.622004 1.061006 5.450542 1.789781 14.479199 1.740911 0.917043
519 140 Car 0 0 -1.000000 -1 -1 -1 -1 1.558752 1.759443 3.861753 -16.099190 1.648763 53.962944 1.546879 5.148115
520 142 Car 0 0 -1.000000 -1 -1 -1 -1 1.574874 1.615865 3.568200 -15.867344 1.721512 46.723633 1.511805 5.880701
521 143 Car 0 0 -1.000000 -1 -1 -1 -1 1.538402 1.713034 3.764922 -15.604767 1.676972 39.849533 1.579729 9.991759
522 145 Car 0 0 -1.000000 -1 -1 -1 -1 1.474716 1.668369 3.774593 -15.446115 1.641920 32.753720 1.525708 7.571874
523 146 Car 0 0 -1.000000 -1 -1 -1 -1 1.508873 1.634634 3.641348 -15.253288 1.585057 25.845590 1.581612 21.141816
524 147 Car 0 0 -1.000000 -1 -1 -1 -1 1.448463 1.655199 3.913036 -15.094180 1.685058 19.078176 1.607774 15.157176
536 149 Car 0 0 -1.000000 -1 -1 -1 -1 1.494937 1.617880 3.738023 -8.056799 1.874349 51.397068 1.602018 0.017792
538 151 Car 0 0 -1.000000 -1 -1 -1 -1 1.604954 1.649770 3.739951 3.201466 1.946156 75.956314 1.670633 0.083880
539 152 Car 0 0 -1.000000 -1 -1 -1 -1 1.487084 1.603730 3.773628 -9.306910 1.863939 52.756603 1.594270 0.017154
539 151 Car 0 0 -1.000000 -1 -1 -1 -1 1.588598 1.663043 3.806204 3.339297 1.861282 73.647064 1.732797 0.180571
543 153 Car 0 0 -1.000000 -1 -1 -1 -1 1.539983 1.644943 3.883790 -17.308634 2.099979 77.426800 1.612801 0.017238
544 153 Car 0 0 -1.000000 -1 -1 -1 -1 1.498138 1.692457 3.834017 -16.878190 1.972618 71.695833 1.659742 1.130223
545 153 Car 0 0 -1.000000 -1 -1 -1 -1 1.503859 1.672630 3.992802 -16.798905 1.804205 66.133690 1.462617 2.588307
546 154 Car 0 0 -1.000000 -1 -1 -1 -1 1.567779 1.626725 3.848475 4.353423 2.052844 57.543320 1.553011 0.049790
546 153 Car 0 0 -1.000000 -1 -1 -1 -1 1.503859 1.672630 3.992802 -16.730148 1.704742 60.507355 1.463516 2.588307
547 154 Car 0 0 -1.000000 -1 -1 -1 -1 1.615942 1.685167 3.779643 3.988630 1.916581 55.190464 1.560563 0.509299
547 153 Car 0 0 -1.000000 -1 -1 -1 -1 1.472166 1.609058 4.017658 -16.163873 2.109584 54.931697 1.525538 0.398004
548 153 Car 0 0 -1.000000 -1 -1 -1 -1 1.603659 1.681507 4.378043 -15.883796 2.012185 49.448234 1.572533 4.952651
548 154 Car 0 0 -1.000000 -1 -1 -1 -1 1.543350 1.637719 3.648074 4.060918 1.871245 52.801118 1.503480 0.074978
549 153 Car 0 0 -1.000000 -1 -1 -1 -1 1.608599 1.849839 4.440454 -15.847452 1.957569 43.799247 1.518725 14.388777
549 154 Car 0 0 -1.000000 -1 -1 -1 -1 1.587578 1.682180 3.654136 4.539692 1.875268 50.496557 1.606854 0.022666
550 153 Car 0 0 -1.000000 -1 -1 -1 -1 1.543928 1.797242 4.482612 -15.559770 1.803633 38.283339 1.536817 31.008764
550 154 Car 0 0 -1.000000 -1 -1 -1 -1 1.519821 1.598635 3.864903 4.876904 1.906720 48.409903 1.650407 0.019058
551 153 Car 0 0 -1.000000 -1 -1 -1 -1 1.538400 1.819557 4.374422 -15.437183 1.757886 32.572319 1.542992 27.457255
552 153 Car 0 0 -1.000000 -1 -1 -1 -1 1.469102 1.778426 4.516742 -15.357016 1.682198 27.139761 1.521649 42.221110
553 153 Car 0 0 -1.000000 -1 -1 -1 -1 1.483141 1.730112 4.375112 -15.159987 1.725944 21.530611 1.526470 74.194687
573 157 Car 0 0 -1.000000 -1 -1 -1 -1 1.568014 1.605621 3.759686 13.880438 2.270870 55.162384 1.500279 0.161237
576 158 Car 0 0 -1.000000 -1 -1 -1 -1 1.449038 1.610874 4.257709 -4.526850 1.758509 7.797429 1.561652 112.603061
577 158 Car 0 0 -1.000000 -1 -1 -1 -1 1.441820 1.602618 4.289254 -4.535040 1.768697 8.246361 1.558335 93.020732
578 158 Car 0 0 -1.000000 -1 -1 -1 -1 1.445439 1.607467 4.202810 -4.530216 1.769468 8.629733 1.554617 97.307113
579 158 Car 0 0 -1.000000 -1 -1 -1 -1 1.428129 1.601624 4.215717 -4.530000 1.760534 9.053840 1.556799 97.945558
580 158 Car 0 0 -1.000000 -1 -1 -1 -1 1.447156 1.614383 4.202535 -4.539479 1.749936 9.502631 1.558934 94.810177
581 158 Car 0 0 -1.000000 -1 -1 -1 -1 1.458035 1.608774 4.217314 -4.513144 1.749738 9.955232 1.544391 117.142409
582 158 Car 0 0 -1.000000 -1 -1 -1 -1 1.450384 1.606453 4.225570 -4.523946 1.739943 10.408455 1.547932 92.351056
583 158 Car 0 0 -1.000000 -1 -1 -1 -1 1.448125 1.608428 4.197551 -4.495605 1.722700 10.822883 1.558422 116.111460
584 158 Car 0 0 -1.000000 -1 -1 -1 -1 1.436111 1.596698 4.211764 -4.483722 1.716840 11.247211 1.558852 92.452810
585 158 Car 0 0 -1.000000 -1 -1 -1 -1 1.447405 1.607842 4.202618 -4.469359 1.706695 11.667996 1.559641 110.099824
585 159 Car 0 0 -1.000000 -1 -1 -1 -1 2.044057 1.777352 4.413437 -16.229204 1.270659 36.003765 1.520355 0.047320
586 158 Car 0 0 -1.000000 -1 -1 -1 -1 1.452928 1.613039 4.218820 -4.480969 1.735245 12.093663 1.563078 86.781035
587 158 Car 0 0 -1.000000 -1 -1 -1 -1 1.452013 1.611044 4.217136 -4.456311 1.767116 12.528968 1.565804 80.460888
588 158 Car 0 0 -1.000000 -1 -1 -1 -1 1.446799 1.606950 4.249532 -4.454493 1.775381 12.945907 1.571473 63.610477
589 158 Car 0 0 -1.000000 -1 -1 -1 -1 1.443880 1.607314 4.175870 -4.436170 1.757725 13.365111 1.564185 68.304259
590 158 Car 0 0 -1.000000 -1 -1 -1 -1 1.446014 1.608321 4.233086 -4.411437 1.729721 13.831342 1.568134 67.992789
591 158 Car 0 0 -1.000000 -1 -1 -1 -1 1.440610 1.604156 4.263174 -4.402576 1.699079 14.253918 1.566757 74.094975
592 158 Car 0 0 -1.000000 -1 -1 -1 -1 1.443994 1.612582 4.254660 -4.392218 1.691830 14.683845 1.566537 62.666576
592 160 Car 0 0 -1.000000 -1 -1 -1 -1 1.472449 1.609590 3.821486 14.816866 2.617030 41.766655 1.594449 0.033768
593 158 Car 0 0 -1.000000 -1 -1 -1 -1 1.455950 1.612940 4.268684 -4.341376 1.713489 15.130467 1.569923 62.081660
594 158 Car 0 0 -1.000000 -1 -1 -1 -1 1.451772 1.617019 4.235643 -4.334278 1.727835 15.525649 1.563636 72.622201
595 158 Car 0 0 -1.000000 -1 -1 -1 -1 1.453675 1.620915 4.261478 -4.358554 1.744076 15.957848 1.566399 60.392535
596 158 Car 0 0 -1.000000 -1 -1 -1 -1 1.458839 1.617123 4.177936 -4.319110 1.729310 16.366476 1.556661 55.448817
597 158 Car 0 0 -1.000000 -1 -1 -1 -1 1.443670 1.608049 4.196542 -4.337245 1.701764 16.770122 1.573796 48.631761
598 158 Car 0 0 -1.000000 -1 -1 -1 -1 1.429476 1.605575 4.264858 -4.288719 1.677963 17.218482 1.575440 57.265569
599 158 Car 0 0 -1.000000 -1 -1 -1 -1 1.453753 1.617998 4.215274 -4.310866 1.680171 17.646017 1.558916 53.670893
600 158 Car 0 0 -1.000000 -1 -1 -1 -1 1.450138 1.619175 4.219681 -4.313684 1.660375 18.059219 1.565756 54.717018
601 158 Car 0 0 -1.000000 -1 -1 -1 -1 1.459084 1.607042 4.117152 -4.283427 1.693748 18.453731 1.571125 49.486537
602 158 Car 0 0 -1.000000 -1 -1 -1 -1 1.461402 1.609027 4.165175 -4.271295 1.680401 18.857471 1.569584 46.021289
603 158 Car 0 0 -1.000000 -1 -1 -1 -1 1.433151 1.606198 4.244704 -4.270117 1.654460 19.324041 1.570172 42.270819
604 158 Car 0 0 -1.000000 -1 -1 -1 -1 1.465692 1.613443 4.192189 -4.224611 1.632508 19.695189 1.554930 51.781677
605 158 Car 0 0 -1.000000 -1 -1 -1 -1 1.436072 1.603392 4.279622 -4.239226 1.644227 20.169789 1.562017 42.700670
606 158 Car 0 0 -1.000000 -1 -1 -1 -1 1.455631 1.610943 4.252416 -4.229808 1.677405 20.580015 1.558102 45.153585
607 158 Car 0 0 -1.000000 -1 -1 -1 -1 1.441734 1.610288 4.284599 -4.245457 1.715942 21.070724 1.566610 36.365790
608 158 Car 0 0 -1.000000 -1 -1 -1 -1 1.452433 1.611486 4.328089 -4.247817 1.727769 21.502909 1.565553 40.089549
609 158 Car 0 0 -1.000000 -1 -1 -1 -1 1.427051 1.598993 4.375397 -4.230164 1.737320 21.922718 1.561780 35.708115
610 158 Car 0 0 -1.000000 -1 -1 -1 -1 1.443203 1.612051 4.208367 -4.192246 1.726731 22.326084 1.576782 34.385811
611 158 Car 0 0 -1.000000 -1 -1 -1 -1 1.442070 1.614527 4.242796 -4.179928 1.705779 22.758237 1.569544 34.006803
612 158 Car 0 0 -1.000000 -1 -1 -1 -1 1.454727 1.615570 4.184698 -4.160206 1.735022 23.200537 1.565607 36.453766
613 158 Car 0 0 -1.000000 -1 -1 -1 -1 1.422052 1.605081 4.248909 -4.168658 1.743014 23.656613 1.554610 28.944513
614 158 Car 0 0 -1.000000 -1 -1 -1 -1 1.428277 1.600289 4.202778 -4.171220 1.709750 24.055160 1.559602 30.804906
615 158 Car 0 0 -1.000000 -1 -1 -1 -1 1.424147 1.605284 4.213316 -4.171049 1.730576 24.467820 1.548940 24.371793
616 158 Car 0 0 -1.000000 -1 -1 -1 -1 1.407097 1.598775 4.339729 -4.155181 1.747718 24.928479 1.554231 26.337823
617 158 Car 0 0 -1.000000 -1 -1 -1 -1 1.439479 1.610459 4.311520 -4.199556 1.768000 25.385989 1.544071 31.272570
618 158 Car 0 0 -1.000000 -1 -1 -1 -1 1.429160 1.603725 4.289816 -4.195549 1.799453 25.833527 1.545989 32.836147
619 158 Car 0 0 -1.000000 -1 -1 -1 -1 1.437289 1.605975 4.235874 -4.196028 1.788518 26.251786 1.536475 29.536318
620 158 Car 0 0 -1.000000 -1 -1 -1 -1 1.420297 1.613185 4.224091 -4.213227 1.751255 26.666771 1.537798 11.826426
621 158 Car 0 0 -1.000000 -1 -1 -1 -1 1.418562 1.609074 4.257247 -4.256296 1.751578 27.112702 1.548545 5.432204
622 158 Car 0 0 -1.000000 -1 -1 -1 -1 1.430403 1.619622 4.235772 -4.268317 1.729658 27.573314 1.524342 2.520442
623 158 Car 0 0 -1.000000 -1 -1 -1 -1 1.445623 1.615721 4.306536 -4.271050 1.769062 28.026346 1.550619 2.434216
624 158 Car 0 0 -1.000000 -1 -1 -1 -1 1.439605 1.613348 4.320872 -4.287366 1.814603 28.496410 1.541796 1.813968
625 158 Car 0 0 -1.000000 -1 -1 -1 -1 1.444425 1.614259 4.164599 -4.265606 1.809961 28.794643 1.551992 1.209539
626 158 Car 0 0 -1.000000 -1 -1 -1 -1 1.420982 1.596780 3.998106 -4.244212 1.785263 29.194213 1.554070 1.142173
627 158 Car 0 0 -1.000000 -1 -1 -1 -1 1.394142 1.599888 4.187746 -4.302317 1.764841 29.602016 1.564633 0.501032
627 165 Car 0 0 -1.000000 -1 -1 -1 -1 1.408610 1.604538 3.941164 -9.702864 -0.629572 59.187294 1.444204 0.040070
627 164 Car 0 0 -1.000000 -1 -1 -1 -1 1.550446 1.737349 3.971998 -18.093780 1.291404 78.655840 1.459385 0.016077
628 158 Car 0 0 -1.000000 -1 -1 -1 -1 1.457048 1.622152 4.270358 -4.318408 1.710261 30.162794 1.535198 0.239491
628 165 Car 0 0 -1.000000 -1 -1 -1 -1 1.396257 1.592617 3.924881 -9.481813 -0.587938 56.841020 1.537914 0.020689
629 158 Car 0 0 -1.000000 -1 -1 -1 -1 1.497262 1.652544 4.135791 -4.401277 1.776757 30.622450 1.545628 0.492383
630 158 Car 0 0 -1.000000 -1 -1 -1 -1 1.528856 1.638862 4.123235 -4.329573 1.771626 31.076829 1.546066 0.239183
630 166 Car 0 0 -1.000000 -1 -1 -1 -1 1.524706 1.602846 3.878254 3.933142 1.963242 53.430847 1.429301 0.016880
631 158 Car 0 0 -1.000000 -1 -1 -1 -1 1.515554 1.635876 4.117964 -4.278064 1.810751 31.474041 1.545283 0.179804
632 158 Car 0 0 -1.000000 -1 -1 -1 -1 1.398005 1.606285 4.140266 -4.238648 1.834291 31.890860 1.575418 0.272160
634 167 Car 0 0 -1.000000 -1 -1 -1 -1 1.428360 1.587030 3.923558 -14.802744 1.583135 18.659084 1.468191 0.016267
634 158 Car 0 0 -1.000000 -1 -1 -1 -1 1.536937 1.648167 4.204427 -4.192568 1.682048 32.702467 1.516994 0.082310
635 158 Car 0 0 -1.000000 -1 -1 -1 -1 1.501038 1.646042 4.217918 -3.995094 1.667205 33.222332 1.547839 0.008705
648 170 Car 0 0 -1.000000 -1 -1 -1 -1 1.479201 1.613834 4.151631 -17.613325 1.646281 72.610420 1.530406 0.017504
649 170 Car 0 0 -1.000000 -1 -1 -1 -1 1.479201 1.613834 4.151631 -17.495191 1.698146 70.271765 1.531556 0.280056
650 171 Car 0 0 -1.000000 -1 -1 -1 -1 1.485521 1.607196 3.799233 -17.140524 1.733462 62.975437 1.694333 2.578735
651 171 Car 0 0 -1.000000 -1 -1 -1 -1 1.447331 1.595492 3.780359 -17.060535 1.706890 58.083045 1.487606 2.426237
652 171 Car 0 0 -1.000000 -1 -1 -1 -1 1.509226 1.651429 3.882429 -16.932843 1.610594 53.342833 1.449252 7.619051
652 172 Car 0 0 -1.000000 -1 -1 -1 -1 1.519874 1.599313 3.783808 3.777968 1.915521 60.550346 1.566750 0.017249
653 171 Car 0 0 -1.000000 -1 -1 -1 -1 1.472363 1.694432 3.864316 -16.752956 1.400775 48.592351 1.506569 12.639796
654 171 Car 0 0 -1.000000 -1 -1 -1 -1 1.437530 1.613311 3.684626 -16.529773 1.383586 43.767643 1.499895 20.597905
655 171 Car 0 0 -1.000000 -1 -1 -1 -1 1.475588 1.623445 3.752746 -16.372286 1.457523 39.186084 1.507685 37.897418
656 171 Car 0 0 -1.000000 -1 -1 -1 -1 1.436549 1.579256 3.626465 -16.206272 1.521951 34.306131 1.538193 51.309194
656 173 Car 0 0 -1.000000 -1 -1 -1 -1 1.455255 1.606399 3.986485 -13.872368 1.674409 72.915360 1.576055 0.023149
657 171 Car 0 0 -1.000000 -1 -1 -1 -1 1.436970 1.580778 3.508453 -16.061901 1.498372 29.441175 1.539537 69.929292
657 173 Car 0 0 -1.000000 -1 -1 -1 -1 1.469316 1.596795 4.002049 -13.512825 1.520617 67.175583 1.545208 0.068081
658 171 Car 0 0 -1.000000 -1 -1 -1 -1 1.455966 1.586734 3.535242 -15.957838 1.452302 24.750661 1.522059 65.177395
658 174 Car 0 0 -1.000000 -1 -1 -1 -1 1.476447 1.612882 3.971267 -17.765950 1.697349 72.026670 1.416959 0.039808
659 171 Car 0 0 -1.000000 -1 -1 -1 -1 1.482598 1.574040 3.474672 -15.838115 1.451857 20.117189 1.538446 57.642725
659 175 Car 0 0 -1.000000 -1 -1 -1 -1 1.544267 1.612670 3.795279 4.290167 1.797996 44.418240 1.472844 0.015794
659 173 Car 0 0 -1.000000 -1 -1 -1 -1 1.544254 1.664698 3.843940 -12.919643 1.660080 55.715724 1.522848 0.074552
660 174 Car 0 0 -1.000000 -1 -1 -1 -1 1.476447 1.612882 3.971267 -17.479159 1.706261 67.283035 1.420704 0.636921
661 174 Car 0 0 -1.000000 -1 -1 -1 -1 1.476447 1.612882 3.971267 -17.369342 1.739581 64.866818 1.422349 0.636921
662 177 Car 0 0 -1.000000 -1 -1 -1 -1 1.467264 1.593171 4.046879 -12.023590 1.680506 38.564743 1.572491 0.948555
663 177 Car 0 0 -1.000000 -1 -1 -1 -1 1.510623 1.760071 4.541268 -12.076821 1.605178 33.119491 1.503042 8.742029
663 179 Car 0 0 -1.000000 -1 -1 -1 -1 1.468338 1.640273 4.118875 -17.965166 1.689610 71.859670 1.504679 0.113030
664 177 Car 0 0 -1.000000 -1 -1 -1 -1 1.477665 1.713739 4.244069 -11.796690 1.475914 27.280075 1.560127 22.802251
664 179 Car 0 0 -1.000000 -1 -1 -1 -1 1.530144 1.638789 3.875167 -17.550014 1.906211 67.094012 1.475965 0.031716
665 177 Car 0 0 -1.000000 -1 -1 -1 -1 1.519811 1.780670 4.500843 -11.678009 1.499831 21.885203 1.526040 44.608383
665 180 Car 0 0 -1.000000 -1 -1 -1 -1 1.536982 1.650073 4.327347 -15.955885 1.663078 38.742485 1.540245 13.017244
665 179 Car 0 0 -1.000000 -1 -1 -1 -1 1.540918 1.679635 3.773810 -17.242926 1.902468 61.934681 1.489998 3.198991
666 177 Car 0 0 -1.000000 -1 -1 -1 -1 1.517714 1.723990 4.282404 -11.488774 1.476765 16.172815 1.520393 67.134309
666 180 Car 0 0 -1.000000 -1 -1 -1 -1 1.496254 1.739962 4.367743 -15.674111 1.616688 33.849683 1.549868 25.456145
666 181 Car 0 0 -1.000000 -1 -1 -1 -1 1.503942 1.609507 3.756855 -16.029848 1.611958 39.540836 1.639411 0.015647
666 179 Car 0 0 -1.000000 -1 -1 -1 -1 1.455976 1.630696 4.167148 -16.899053 1.805888 57.079855 1.451525 2.076014
667 180 Car 0 0 -1.000000 -1 -1 -1 -1 1.489051 1.808455 4.432360 -15.511154 1.591092 29.099129 1.565131 33.088773
667 181 Car 0 0 -1.000000 -1 -1 -1 -1 1.449088 1.578419 3.617477 -15.780253 1.483825 34.727342 1.623571 0.034303
667 179 Car 0 0 -1.000000 -1 -1 -1 -1 1.461257 1.672608 4.268430 -16.503419 1.706796 52.209392 1.499840 3.567656
668 180 Car 0 0 -1.000000 -1 -1 -1 -1 1.489857 1.730606 4.275533 -15.362131 1.564606 24.252267 1.538513 40.807896
668 179 Car 0 0 -1.000000 -1 -1 -1 -1 1.451053 1.618449 3.894775 -16.148411 1.633384 47.198714 1.554031 6.424784
669 180 Car 0 0 -1.000000 -1 -1 -1 -1 1.494590 1.683046 4.441973 -15.291630 1.530668 19.700171 1.506032 48.985190
669 179 Car 0 0 -1.000000 -1 -1 -1 -1 1.494954 1.768521 4.291916 -15.836053 1.563798 42.400772 1.566946 12.571346
670 179 Car 0 0 -1.000000 -1 -1 -1 -1 1.460681 1.732400 4.366676 -15.679259 1.530419 37.523121 1.526225 23.868112
671 179 Car 0 0 -1.000000 -1 -1 -1 -1 1.441438 1.763925 4.389467 -15.432843 1.552803 32.572126 1.540371 48.017317
672 179 Car 0 0 -1.000000 -1 -1 -1 -1 1.437362 1.740318 4.410407 -15.239204 1.510682 27.626548 1.524298 62.142034
673 179 Car 0 0 -1.000000 -1 -1 -1 -1 1.401914 1.723754 4.501698 -15.087321 1.472285 22.773953 1.536730 65.688871
674 179 Car 0 0 -1.000000 -1 -1 -1 -1 1.401914 1.723754 4.501698 -15.022841 1.456856 20.462676 1.539379 65.688871
677 183 Car 0 0 -1.000000 -1 -1 -1 -1 1.495745 1.614208 3.847028 -9.176972 1.624475 54.888584 1.588210 0.019053
689 186 Car 0 0 -1.000000 -1 -1 -1 -1 1.494619 1.628275 4.009975 -18.964884 1.330065 78.050950 1.534782 0.285092
690 186 Car 0 0 -1.000000 -1 -1 -1 -1 1.494619 1.628275 4.009975 -18.912325 1.343431 75.608755 1.535513 0.285092
691 187 Pedestrian 0 0 -1.000000 -1 -1 -1 -1 1.770999 0.534840 0.753896 5.308838 1.900478 25.587696 1.318369 0.341903
691 188 Car 0 0 -1.000000 -1 -1 -1 -1 1.443311 1.596832 4.078276 -18.210712 1.665320 67.726240 1.507169 1.663013
692 188 Car 0 0 -1.000000 -1 -1 -1 -1 1.468815 1.610131 3.999323 -17.948036 1.654259 62.396487 1.427063 0.550382
693 188 Car 0 0 -1.000000 -1 -1 -1 -1 1.475273 1.622268 3.820653 -17.501984 1.582001 57.235709 1.565737 4.594897
694 187 Pedestrian 0 0 -1.000000 -1 -1 -1 -1 1.782956 0.523947 0.692778 5.542978 1.730586 18.393620 1.407896 0.249748
694 188 Car 0 0 -1.000000 -1 -1 -1 -1 1.465423 1.729767 3.965247 -17.286315 1.444662 52.025884 1.516733 6.870334
695 188 Car 0 0 -1.000000 -1 -1 -1 -1 1.515792 1.780652 4.472929 -16.979127 1.474710 47.193903 1.530749 18.404654
696 188 Car 0 0 -1.000000 -1 -1 -1 -1 1.537972 1.722920 4.228263 -16.727583 1.561426 41.913033 1.547120 18.810054
697 188 Car 0 0 -1.000000 -1 -1 -1 -1 1.507211 1.735890 4.333009 -16.562729 1.587322 36.751378 1.542740 63.126692
698 188 Car 0 0 -1.000000 -1 -1 -1 -1 1.528750 1.736495 4.257504 -16.385297 1.696138 31.430869 1.540889 65.591052
699 188 Car 0 0 -1.000000 -1 -1 -1 -1 1.482463 1.719242 4.394391 -16.226634 1.744684 26.398981 1.551647 81.706591
699 191 Car 0 0 -1.000000 -1 -1 -1 -1 1.543920 1.626434 3.709485 3.823179 1.890073 47.312874 1.467012 0.018743
700 188 Car 0 0 -1.000000 -1 -1 -1 -1 1.495944 1.690093 4.259818 -16.092305 1.686587 21.188901 1.532872 98.652646
700 191 Car 0 0 -1.000000 -1 -1 -1 -1 1.531554 1.598175 3.740246 3.879403 1.937927 45.042072 1.478650 0.130243
700 193 Car 0 0 -1.000000 -1 -1 -1 -1 1.529092 1.566761 3.627121 4.403922 2.309962 60.009155 1.504850 0.080855
701 192 Pedestrian 0 0 -1.000000 -1 -1 -1 -1 1.869259 0.692964 0.911447 5.552041 1.706662 10.019304 1.828392 0.745938
710 196 Car 0 0 -1.000000 -1 -1 -1 -1 1.561457 1.603774 3.740370 5.651656 1.856646 42.542800 1.542518 0.018632
711 194 Pedestrian 0 0 -1.000000 -1 -1 -1 -1 1.820903 0.649676 0.953208 5.468016 1.765981 9.765758 1.995303 0.056747
724 201 Car 0 0 -1.000000 -1 -1 -1 -1 1.464972 1.614583 4.034652 -18.033333 1.748401 78.023310 1.550754 0.015710
726 202 Car 0 0 -1.000000 -1 -1 -1 -1 1.446352 1.603034 4.125709 -17.438728 1.606361 66.435690 1.504594 1.348065
727 202 Car 0 0 -1.000000 -1 -1 -1 -1 1.466816 1.602981 3.820147 -17.337223 1.705935 60.478656 1.434287 2.212873
728 202 Car 0 0 -1.000000 -1 -1 -1 -1 1.526698 1.677627 3.978639 -17.013834 1.649408 54.824352 1.591849 4.423423
729 202 Car 0 0 -1.000000 -1 -1 -1 -1 1.492163 1.690876 4.242177 -16.923519 1.658119 49.041823 1.476078 4.569917
730 202 Car 0 0 -1.000000 -1 -1 -1 -1 1.523573 1.722655 4.347478 -16.666748 1.633440 43.432641 1.567637 11.265710
731 202 Car 0 0 -1.000000 -1 -1 -1 -1 1.457938 1.740329 4.437308 -16.457986 1.612558 37.642194 1.564418 29.094011
732 202 Car 0 0 -1.000000 -1 -1 -1 -1 1.478072 1.788887 4.487466 -16.380295 1.636002 31.832775 1.557205 45.774343
733 202 Car 0 0 -1.000000 -1 -1 -1 -1 1.502232 1.806387 4.459158 -16.287850 1.565383 26.034416 1.544383 66.701158
734 202 Car 0 0 -1.000000 -1 -1 -1 -1 1.492901 1.701956 4.339756 -16.212830 1.577488 20.293018 1.546119 48.264573
759 204 Pedestrian 0 0 -1.000000 -1 -1 -1 -1 1.720777 0.545572 0.618043 7.627850 1.626107 12.406253 1.848697 0.032514
781 205 Pedestrian 0 0 -1.000000 -1 -1 -1 -1 1.789636 0.613272 0.675384 7.043898 1.623997 15.258251 1.372478 0.282772
782 205 Pedestrian 0 0 -1.000000 -1 -1 -1 -1 1.749303 0.609687 0.529293 7.122429 1.721090 12.851252 1.406626 0.028396
783 205 Pedestrian 0 0 -1.000000 -1 -1 -1 -1 1.742968 0.569554 0.477180 7.114142 1.738583 10.322391 1.369931 0.193641
789 207 Car 0 0 -1.000000 -1 -1 -1 -1 1.699630 1.750127 4.093423 -15.336283 1.569094 30.832790 1.579753 0.016664
789 208 Car 0 0 -1.000000 -1 -1 -1 -1 1.476101 1.607788 3.775896 -16.493605 1.758313 62.853115 1.511032 2.332518
790 208 Car 0 0 -1.000000 -1 -1 -1 -1 1.554873 1.701255 3.983094 -16.153173 1.735271 57.801177 1.529707 6.559993
791 208 Car 0 0 -1.000000 -1 -1 -1 -1 1.474503 1.643513 3.724172 -15.984160 1.534411 52.507468 1.456281 8.828420
792 208 Car 0 0 -1.000000 -1 -1 -1 -1 1.534495 1.715831 4.054189 -15.714318 1.455134 47.579901 1.489058 12.700832
793 208 Car 0 0 -1.000000 -1 -1 -1 -1 1.515424 1.703015 3.859043 -15.486135 1.441341 42.581683 1.551577 30.982380
794 208 Car 0 0 -1.000000 -1 -1 -1 -1 1.549252 1.654275 3.807169 -15.304709 1.512321 37.317945 1.545158 49.059918
795 208 Car 0 0 -1.000000 -1 -1 -1 -1 1.576426 1.701998 3.843838 -15.173828 1.530070 32.209713 1.545307 45.365327
796 208 Car 0 0 -1.000000 -1 -1 -1 -1 1.555351 1.695284 3.797944 -15.054791 1.504576 27.100906 1.560684 49.586517
796 209 Car 0 0 -1.000000 -1 -1 -1 -1 1.484654 1.591475 3.571715 -9.007833 1.663922 42.898430 1.521770 0.016759
797 208 Car 0 0 -1.000000 -1 -1 -1 -1 1.505390 1.668629 3.723530 -14.906311 1.461860 22.094322 1.551624 58.534976
