0 1 Car 0 0 -1.000000 -1 -1 -1 -1 1.737896 1.717851 4.039241 -3.957989 1.658110 16.767277 1.539377 121.337733
1 2 Car 0 0 -1.000000 -1 -1 -1 -1 1.733448 1.696172 4.109493 -3.987718 1.665462 18.296936 1.548410 98.759411
2 3 Car 0 0 -1.000000 -1 -1 -1 -1 1.740929 1.710160 4.104527 -4.061406 1.720382 19.824170 1.544880 95.327383
3 4 Car 0 0 -1.000000 -1 -1 -1 -1 1.770949 1.735919 4.262879 -4.123960 1.742239 21.417519 1.545310 100.588341
4 7 Car 0 0 -1.000000 -1 -1 -1 -1 1.737229 1.711929 4.131937 -4.147092 1.752937 22.872620 1.549556 88.450022
5 10 Car 0 0 -1.000000 -1 -1 -1 -1 1.701677 1.718628 4.099788 -4.189121 1.703897 24.408985 1.560824 104.805021
5 9 Car 0 0 -1.000000 -1 -1 -1 -1 1.545027 1.616299 3.945037 6.894291 2.060017 42.054230 1.667038 1.997579
6 12 Car 0 0 -1.000000 -1 -1 -1 -1 1.735838 1.707508 4.222112 -4.210850 1.705509 25.985832 1.565393 85.733462
7 14 Car 0 0 -1.000000 -1 -1 -1 -1 1.759499 1.734684 3.882501 -4.232683 1.727214 27.350060 1.549193 67.937009
8 15 Car 0 0 -1.000000 -1 -1 -1 -1 1.755377 1.744515 3.912834 -4.258679 1.718833 28.879830 1.541172 77.734971
9 16 Car 0 0 -1.000000 -1 -1 -1 -1 1.746539 1.751873 3.855520 -4.291058 1.745156 30.406864 1.540307 58.703821
10 19 Car 0 0 -1.000000 -1 -1 -1 -1 1.656238 1.760311 3.913985 -4.277724 1.684421 31.923079 1.550691 59.441928
11 20 Car 0 0 -1.000000 -1 -1 -1 -1 1.695753 1.750928 3.858401 -4.254828 1.712959 33.428900 1.571555 48.711202
12 22 Car 0 0 -1.000000 -1 -1 -1 -1 1.691460 1.764074 3.847364 -4.285882 1.728444 34.941975 1.549317 52.037588
13 25 Car 0 0 -1.000000 -1 -1 -1 -1 1.693448 1.764401 3.805655 -4.296376 1.729444 36.426846 1.560129 42.000204
14 24 Pedestrian 0 0 -1.000000 -1 -1 -1 -1 1.833116 0.747584 1.068029 9.577396 2.995169 12.028989 1.796677 0.733129
14 27 Car 0 0 -1.000000 -1 -1 -1 -1 1.717429 1.749327 3.997833 -4.347061 1.781050 38.013535 1.557045 44.278236
15 26 Pedestrian 0 0 -1.000000 -1 -1 -1 -1 1.828670 0.584575 0.486436 9.422494 3.020556 17.927898 -0.261419 0.100136
15 28 Car 0 0 -1.000000 -1 -1 -1 -1 1.636005 1.756655 3.772437 -4.295300 1.677233 39.416560 1.565550 41.674395
16 30 Car 0 0 -1.000000 -1 -1 -1 -1 1.601009 1.785418 3.761096 -4.385189 1.676183 40.947258 1.543828 20.529864
17 32 Car 0 0 -1.000000 -1 -1 -1 -1 1.560629 1.756549 3.955753 -4.315676 1.666641 42.441180 1.581543 26.767159
18 33 Car 0 0 -1.000000 -1 -1 -1 -1 1.546034 1.734818 3.766100 -4.341681 1.671796 43.858826 1.579836 24.218903
19 34 Car 0 0 -1.000000 -1 -1 -1 -1 1.571861 1.780387 3.785598 -4.378855 1.755301 45.397410 1.567468 16.436323
20 35 Car 0 0 -1.000000 -1 -1 -1 -1 1.457042 1.717703 3.639396 -4.443788 1.672678 46.732980 1.549319 8.095980
21 36 Car 0 0 -1.000000 -1 -1 -1 -1 1.539476 1.726251 3.657256 -4.492099 1.749413 48.255890 1.542063 18.969157
22 37 Car 0 0 -1.000000 -1 -1 -1 -1 1.512994 1.693626 3.633789 -4.527391 1.769775 49.702988 1.539615 14.049500
23 38 Car 0 0 -1.000000 -1 -1 -1 -1 1.494442 1.668507 3.752302 -4.552819 1.800718 51.150158 1.594858 19.258024
24 40 Car 0 0 -1.000000 -1 -1 -1 -1 1.537649 1.715269 3.798989 -4.690184 1.841681 52.689480 1.540566 11.909447
25 42 Car 0 0 -1.000000 -1 -1 -1 -1 1.650667 1.702105 3.955079 -4.645649 1.787395 54.289673 1.521272 8.248189
26 44 Car 0 0 -1.000000 -1 -1 -1 -1 1.461906 1.688940 3.605418 -4.655456 1.709065 55.513720 1.567592 5.494440
26 43 Car 0 0 -1.000000 -1 -1 -1 -1 1.478888 1.678753 4.209885 -16.747402 1.820108 77.878160 1.522972 0.834657
27 45 Car 0 0 -1.000000 -1 -1 -1 -1 1.440887 1.689277 3.571947 -4.777837 1.647585 56.952293 1.547983 9.901095
27 43 Car 0 0 -1.000000 -1 -1 -1 -1 1.478823 1.723056 4.257622 -16.410017 1.731625 72.908152 1.538118 2.905887
28 46 Car 0 0 -1.000000 -1 -1 -1 -1 1.605976 1.714583 3.656643 -4.851816 1.696469 58.451534 1.533643 11.053225
28 43 Car 0 0 -1.000000 -1 -1 -1 -1 1.519855 1.687814 4.071099 -16.395975 1.680349 67.743456 1.499546 2.033489
29 47 Car 0 0 -1.000000 -1 -1 -1 -1 1.446593 1.587249 3.806049 -15.018990 1.614914 30.556822 1.632085 0.258083
29 48 Car 0 0 -1.000000 -1 -1 -1 -1 1.576383 1.698369 3.737864 -4.824152 1.694765 59.939354 1.514002 10.507074
29 43 Car 0 0 -1.000000 -1 -1 -1 -1 1.473829 1.756424 4.174764 -16.151616 1.702682 62.952780 1.544019 18.263268
30 47 Car 0 0 -1.000000 -1 -1 -1 -1 1.453470 1.610938 3.849357 -14.818737 1.742287 25.860855 1.709012 1.495795
30 43 Car 0 0 -1.000000 -1 -1 -1 -1 1.443754 1.724976 3.845915 -15.955325 1.651113 57.938337 1.519408 22.949447
30 49 Car 0 0 -1.000000 -1 -1 -1 -1 1.617742 1.708184 3.643474 -4.952852 1.695640 61.311996 1.546373 7.738787
31 47 Car 0 0 -1.000000 -1 -1 -1 -1 1.439670 1.591027 3.847367 -14.927200 1.516465 20.898130 1.539986 19.449540
31 43 Car 0 0 -1.000000 -1 -1 -1 -1 1.475972 1.793009 4.117754 -15.859723 1.665936 53.043807 1.538583 21.086110
31 50 Car 0 0 -1.000000 -1 -1 -1 -1 1.635413 1.694581 3.701428 -4.994684 1.699415 62.815956 1.506399 8.589871
32 43 Car 0 0 -1.000000 -1 -1 -1 -1 1.407878 1.704039 4.253096 -15.653867 1.610930 48.191991 1.574718 24.229891
32 52 Car 0 0 -1.000000 -1 -1 -1 -1 1.588353 1.678682 3.504799 -5.049202 1.763354 64.159960 1.539309 6.261114
33 43 Car 0 0 -1.000000 -1 -1 -1 -1 1.391033 1.688398 4.182663 -15.497561 1.608493 43.198838 1.527553 49.200025
33 53 Car 0 0 -1.000000 -1 -1 -1 -1 1.685250 1.707351 3.828058 -5.027969 1.832097 65.848490 1.563549 6.264750
34 43 Car 0 0 -1.000000 -1 -1 -1 -1 1.451679 1.722028 4.361252 -15.423036 1.604829 38.227228 1.552050 50.295341
34 54 Car 0 0 -1.000000 -1 -1 -1 -1 1.693966 1.717632 3.895834 -5.073025 1.830567 67.363350 1.532467 3.522650
35 43 Car 0 0 -1.000000 -1 -1 -1 -1 1.444358 1.714569 4.319644 -15.340198 1.560613 33.236297 1.551307 74.861587
35 55 Car 0 0 -1.000000 -1 -1 -1 -1 1.612948 1.686452 3.397000 -5.226982 1.872209 68.567590 1.467809 2.823049
36 43 Car 0 0 -1.000000 -1 -1 -1 -1 1.380532 1.670832 4.335458 -15.221321 1.476831 28.322214 1.553273 63.561959
36 56 Car 0 0 -1.000000 -1 -1 -1 -1 1.715879 1.709942 3.835407 -5.203806 1.872395 70.184975 1.513044 4.653277
37 43 Car 0 0 -1.000000 -1 -1 -1 -1 1.375886 1.623958 4.235940 -15.173030 1.428157 23.390674 1.544782 88.280398
37 56 Car 0 0 -1.000000 -1 -1 -1 -1 1.715879 1.709942 3.835407 -5.123495 1.817901 67.670165 1.513939 4.653277
38 43 Car 0 0 -1.000000 -1 -1 -1 -1 1.375886 1.623958 4.235940 -15.133635 1.395988 21.011504 1.545675 88.280398
38 56 Car 0 0 -1.000000 -1 -1 -1 -1 1.715879 1.709942 3.835407 -5.044637 1.746910 65.282345 1.514832 4.653277
39 58 Car 0 0 -1.000000 -1 -1 -1 -1 1.409461 1.625691 3.698426 -5.417692 1.557445 74.135850 1.498971 0.276411
40 59 Car 0 0 -1.000000 -1 -1 -1 -1 1.531499 1.634914 3.853149 -5.564773 1.566374 75.857346 1.580475 1.086306
41 59 Car 0 0 -1.000000 -1 -1 -1 -1 1.531499 1.634914 3.853149 -5.450427 1.549620 73.371580 1.581973 1.086306
42 59 Car 0 0 -1.000000 -1 -1 -1 -1 1.531499 1.634914 3.853149 -5.358090 1.560708 70.964815 1.583222 1.086306
43 59 Car 0 0 -1.000000 -1 -1 -1 -1 1.531499 1.634914 3.853149 -5.264976 1.554757 68.563998 1.584394 1.086306
44 59 Car 0 0 -1.000000 -1 -1 -1 -1 1.531499 1.634914 3.853149 -5.171561 1.587860 66.140856 1.585745 1.086306
45 59 Car 0 0 -1.000000 -1 -1 -1 -1 1.531499 1.634914 3.853149 -5.095940 1.630067 63.634729 1.586989 1.086306
46 59 Car 0 0 -1.000000 -1 -1 -1 -1 1.531499 1.634914 3.853149 -5.011662 1.627454 61.142929 1.587904 1.086306
47 59 Car 0 0 -1.000000 -1 -1 -1 -1 1.531499 1.634914 3.853149 -4.938963 1.619051 58.721358 1.589120 1.086306
51 60 Car 0 0 -1.000000 -1 -1 -1 -1 1.614800 1.760844 3.967998 -12.364342 1.567820 48.264280 1.515591 7.161765
52 60 Car 0 0 -1.000000 -1 -1 -1 -1 1.502491 1.697114 3.892619 -12.174442 1.522630 42.866386 1.533334 4.327257
53 60 Car 0 0 -1.000000 -1 -1 -1 -1 1.556475 1.698900 3.797733 -12.057349 1.524379 37.349958 1.533610 30.126756
54 60 Car 0 0 -1.000000 -1 -1 -1 -1 1.600224 1.748515 4.065207 -11.900334 1.482868 31.935819 1.545420 25.903335
56 61 Car 0 0 -1.000000 -1 -1 -1 -1 1.955506 1.721036 4.304277 -3.492124 1.682914 9.170708 1.554777 0.514653
56 60 Car 0 0 -1.000000 -1 -1 -1 -1 1.680986 1.662527 4.190351 -11.704464 1.391502 21.139665 1.563465 25.993080
57 60 Car 0 0 -1.000000 -1 -1 -1 -1 1.731202 1.672588 4.032657 -11.613559 1.350962 15.676351 1.518127 31.252889
58 62 Car 0 0 -1.000000 -1 -1 -1 -1 1.919617 1.672361 4.124861 -3.318159 1.686082 11.845115 1.562674 0.369249
59 63 Car 0 0 -1.000000 -1 -1 -1 -1 1.942618 1.685191 4.152742 -3.220770 1.691951 13.178965 1.566542 2.680266
60 64 Car 0 0 -1.000000 -1 -1 -1 -1 1.908480 1.698831 4.214486 -3.142627 1.676353 14.528503 1.555573 1.938823
61 65 Car 0 0 -1.000000 -1 -1 -1 -1 1.891575 1.709572 4.270490 -3.073366 1.664660 15.935755 1.560507 10.509113
62 66 Car 0 0 -1.000000 -1 -1 -1 -1 1.907543 1.719557 4.229045 -3.036200 1.667798 17.254246 1.548566 19.145043
63 67 Car 0 0 -1.000000 -1 -1 -1 -1 1.930491 1.715161 4.258427 -2.938993 1.698835 18.635020 1.574647 10.657100
64 68 Car 0 0 -1.000000 -1 -1 -1 -1 1.883426 1.706126 4.252316 -2.897956 1.724445 19.959108 1.558343 54.883405
65 69 Car 0 0 -1.000000 -1 -1 -1 -1 1.921850 1.737374 4.168137 -2.821191 1.756801 21.251347 1.561859 70.623750
66 70 Car 0 0 -1.000000 -1 -1 -1 -1 1.906788 1.773450 4.343447 -2.790677 1.738102 22.715797 1.559943 35.959520
67 71 Car 0 0 -1.000000 -1 -1 -1 -1 1.921727 1.727364 4.168602 -2.666452 1.775067 23.974190 1.555282 1.006532
68 72 Car 0 0 -1.000000 -1 -1 -1 -1 1.884345 1.703799 4.346379 -2.646063 1.699659 25.387290 1.551378 5.698822
69 73 Car 0 0 -1.000000 -1 -1 -1 -1 1.792420 1.671588 4.118937 -2.611819 1.631271 26.649730 1.556318 12.328694
70 75 Car 0 0 -1.000000 -1 -1 -1 -1 1.394826 1.611128 4.276360 -3.955993 1.653934 7.516570 1.560556 90.422688
70 76 Car 0 0 -1.000000 -1 -1 -1 -1 1.851752 1.673652 3.844169 -2.535104 1.648884 27.915316 1.563077 7.515619
70 74 Car 0 0 -1.000000 -1 -1 -1 -1 1.486972 1.550317 3.542414 5.436570 1.857433 48.237267 1.543585 0.037019
71 78 Car 0 0 -1.000000 -1 -1 -1 -1 1.411567 1.611529 4.123090 -3.978017 1.650431 8.871262 1.545760 106.564752
71 77 Car 0 0 -1.000000 -1 -1 -1 -1 1.858198 1.668824 4.169395 -2.511976 1.608753 29.361647 1.570722 8.086381
72 79 Car 0 0 -1.000000 -1 -1 -1 -1 1.404378 1.592463 4.174842 -3.982105 1.648656 10.342070 1.554610 117.488408
72 80 Car 0 0 -1.000000 -1 -1 -1 -1 1.850840 1.680545 3.930822 -2.414509 1.553563 30.623981 1.566613 7.896871
73 81 Car 0 0 -1.000000 -1 -1 -1 -1 1.409678 1.594948 4.185222 -4.073586 1.633873 11.787277 1.544092 105.006544
73 82 Car 0 0 -1.000000 -1 -1 -1 -1 1.781981 1.702666 3.838268 -2.403140 1.599777 31.963460 1.549220 5.517399
74 83 Car 0 0 -1.000000 -1 -1 -1 -1 1.411682 1.590584 4.166337 -4.090291 1.660357 13.234577 1.552320 108.378429
74 84 Car 0 0 -1.000000 -1 -1 -1 -1 1.821187 1.690671 3.834629 -2.317702 1.667906 33.329530 1.526246 2.446487
75 86 Car 0 0 -1.000000 -1 -1 -1 -1 1.403777 1.599526 4.138566 -4.103273 1.649595 14.692490 1.545435 101.418985
75 85 Car 0 0 -1.000000 -1 -1 -1 -1 1.869389 1.733067 4.084404 -2.303084 1.628665 34.847940 1.545990 5.413448
76 88 Car 0 0 -1.000000 -1 -1 -1 -1 1.400341 1.585727 4.196255 -4.138657 1.659480 16.153470 1.546456 102.720022
76 85 Car 0 0 -1.000000 -1 -1 -1 -1 1.869389 1.733067 4.084404 -2.235444 1.623617 32.448027 1.547532 5.413448
76 87 Car 0 0 -1.000000 -1 -1 -1 -1 1.588137 1.688261 3.866484 -12.365810 1.778075 56.525223 1.622063 1.559654
77 90 Car 0 0 -1.000000 -1 -1 -1 -1 1.396109 1.592238 4.187981 -4.162112 1.670624 17.668724 1.557940 111.543769
77 89 Car 0 0 -1.000000 -1 -1 -1 -1 1.827045 1.703051 3.726744 -2.165384 1.699065 37.391830 1.528468 0.619163
78 92 Car 0 0 -1.000000 -1 -1 -1 -1 1.412003 1.589676 4.218204 -4.189704 1.683166 19.112034 1.562208 77.819670
78 93 Car 0 0 -1.000000 -1 -1 -1 -1 1.831628 1.704684 3.552907 -2.119512 1.807900 38.706825 1.529619 0.288729
78 91 Car 0 0 -1.000000 -1 -1 -1 -1 1.574499 1.678777 4.024625 -12.037981 1.747787 44.581932 1.541567 4.824260
79 95 Car 0 0 -1.000000 -1 -1 -1 -1 1.402108 1.583542 4.161597 -4.226376 1.708161 20.585380 1.567733 74.224002
79 94 Car 0 0 -1.000000 -1 -1 -1 -1 1.840257 1.697285 4.148313 -2.036315 1.790411 40.232445 1.532738 6.470969
79 91 Car 0 0 -1.000000 -1 -1 -1 -1 1.494531 1.624091 4.422121 -11.882197 1.540723 38.793697 1.538719 6.914421
79 87 Car 0 0 -1.000000 -1 -1 -1 -1 1.588137 1.688261 3.866484 -12.061867 1.875207 49.353942 1.626751 1.559654
80 99 Car 0 0 -1.000000 -1 -1 -1 -1 1.410208 1.595293 4.209395 -4.221328 1.765184 22.090096 1.563262 87.104556
80 91 Car 0 0 -1.000000 -1 -1 -1 -1 1.506373 1.733028 4.121176 -11.649705 1.696143 32.675115 1.592930 8.126763
80 100 Car 0 0 -1.000000 -1 -1 -1 -1 1.840416 1.689231 4.056926 -1.874509 1.779325 41.557370 1.575465 0.282802
80 98 Car 0 0 -1.000000 -1 -1 -1 -1 1.539489 1.663410 3.813062 -16.402950 1.878135 59.226643 1.611728 2.544290
81 102 Car 0 0 -1.000000 -1 -1 -1 -1 1.412641 1.618378 4.295986 -4.294798 1.779013 23.589510 1.565386 55.930264
81 91 Car 0 0 -1.000000 -1 -1 -1 -1 1.543630 1.755766 4.529828 -11.627147 1.651051 26.905301 1.548125 14.201795
81 103 Car 0 0 -1.000000 -1 -1 -1 -1 1.833508 1.705002 4.121932 -1.941828 1.856775 42.949024 1.569414 4.666615
81 101 Car 0 0 -1.000000 -1 -1 -1 -1 1.510438 1.644631 3.697133 3.777928 2.056062 47.525013 1.151276 0.051165
81 98 Car 0 0 -1.000000 -1 -1 -1 -1 1.441722 1.588896 3.810167 -16.331753 1.922616 54.690462 1.520348 4.434150
82 97 Pedestrian 0 0 -1.000000 -1 -1 -1 -1 1.672647 0.575296 0.839351 6.783467 2.431771 15.129988 1.712469 0.086108
82 91 Car 0 0 -1.000000 -1 -1 -1 -1 1.492165 1.758989 4.328462 -11.460868 1.525329 20.975739 1.541233 53.578207
82 104 Car 0 0 -1.000000 -1 -1 -1 -1 1.392073 1.580945 4.214787 -4.301516 1.795838 25.097015 1.562253 51.270428
82 105 Car 0 0 -1.000000 -1 -1 -1 -1 1.820148 1.657493 4.101973 -1.847546 1.781163 44.294147 1.556572 0.527919
82 98 Car 0 0 -1.000000 -1 -1 -1 -1 1.449451 1.587831 3.763240 -16.233283 1.742152 50.010117 1.406064 6.396796
83 91 Car 0 0 -1.000000 -1 -1 -1 -1 1.510098 1.701969 4.063977 -11.305709 1.506609 15.157623 1.555182 57.921893
83 106 Car 0 0 -1.000000 -1 -1 -1 -1 1.447871 1.615419 4.321047 -4.350757 1.841085 26.616890 1.565232 48.041875
83 101 Car 0 0 -1.000000 -1 -1 -1 -1 1.438015 1.625616 3.644278 4.084186 1.937389 42.663822 1.236185 0.012683
83 105 Car 0 0 -1.000000 -1 -1 -1 -1 1.820148 1.657493 4.101973 -1.776858 1.739161 41.858587 1.558052 0.527919
83 98 Car 0 0 -1.000000 -1 -1 -1 -1 1.529241 1.682211 3.960340 -16.029797 1.737974 45.560544 1.496875 8.998317
84 108 Car 0 0 -1.000000 -1 -1 -1 -1 1.453065 1.613403 4.334878 -4.390862 1.820456 28.177155 1.576036 38.806467
84 98 Car 0 0 -1.000000 -1 -1 -1 -1 1.504755 1.594226 3.471427 -15.839367 1.661455 40.855258 1.610382 25.681829
84 105 Car 0 0 -1.000000 -1 -1 -1 -1 1.820148 1.657493 4.101973 -1.703883 1.712487 39.447982 1.559917 0.527919
85 107 Pedestrian 0 0 -1.000000 -1 -1 -1 -1 1.805400 0.659792 0.709622 5.989929 1.981648 7.275271 6.453127 0.120517
85 109 Car 0 0 -1.000000 -1 -1 -1 -1 1.435269 1.595789 4.233973 -4.424649 1.880642 29.678635 1.554576 45.185154
85 98 Car 0 0 -1.000000 -1 -1 -1 -1 1.454470 1.581789 3.480026 -15.733556 1.674162 36.164483 1.528725 41.713039
85 105 Car 0 0 -1.000000 -1 -1 -1 -1 1.820148 1.657493 4.101973 -1.653259 1.687717 37.054262 1.561108 0.527919
86 111 Car 0 0 -1.000000 -1 -1 -1 -1 1.414916 1.594785 4.210515 -4.425330 1.882439 31.221096 1.581480 41.545196
86 98 Car 0 0 -1.000000 -1 -1 -1 -1 1.463005 1.623739 3.444007 -15.633899 1.689335 31.586851 1.549789 56.354774
86 110 Car 0 0 -1.000000 -1 -1 -1 -1 1.779167 1.704025 4.116172 -1.720594 1.881064 49.789623 1.562490 10.285848
87 98 Car 0 0 -1.000000 -1 -1 -1 -1 1.499325 1.574262 3.418454 -15.539122 1.611163 26.976020 1.527585 64.653588
87 105 Car 0 0 -1.000000 -1 -1 -1 -1 1.407106 1.587455 3.995246 -4.466049 1.848859 32.664555 1.545132 26.921923
87 110 Car 0 0 -1.000000 -1 -1 -1 -1 1.779167 1.704025 4.116172 -1.668849 1.860703 47.305763 1.563113 10.285848
88 98 Car 0 0 -1.000000 -1 -1 -1 -1 1.462881 1.558036 3.315046 -15.454980 1.529571 22.378527 1.537490 63.806683
88 113 Car 0 0 -1.000000 -1 -1 -1 -1 1.490066 1.632254 4.340662 -4.553166 1.821413 34.399020 1.557302 32.882537
88 112 Car 0 0 -1.000000 -1 -1 -1 -1 1.866386 1.679916 4.231491 -1.714597 1.763995 52.504654 1.543140 0.509704
89 98 Car 0 0 -1.000000 -1 -1 -1 -1 1.462881 1.558036 3.315046 -15.358815 1.449011 17.767021 1.538069 63.806683
89 114 Car 0 0 -1.000000 -1 -1 -1 -1 1.457345 1.606081 4.219365 -4.532434 1.713973 35.925180 1.562673 18.377583
89 112 Car 0 0 -1.000000 -1 -1 -1 -1 1.866386 1.679916 4.231491 -1.653545 1.663670 50.090841 1.543719 0.509704
90 116 Car 0 0 -1.000000 -1 -1 -1 -1 1.474852 1.607084 4.384616 -4.603312 1.671910 37.537067 1.570681 12.557601
90 115 Car 0 0 -1.000000 -1 -1 -1 -1 1.771411 1.704537 3.925406 -1.724223 1.575184 55.132515 1.542332 0.318613
91 117 Car 0 0 -1.000000 -1 -1 -1 -1 1.511127 1.643200 4.079288 -4.605723 1.634517 38.980230 1.572171 18.105614
91 115 Car 0 0 -1.000000 -1 -1 -1 -1 1.771411 1.704537 3.925406 -1.657350 1.479951 52.760917 1.543506 0.318613
92 119 Car 0 0 -1.000000 -1 -1 -1 -1 1.508214 1.709092 3.763331 -4.700594 1.616966 40.434467 1.579309 11.292759
92 118 Car 0 0 -1.000000 -1 -1 -1 -1 1.737812 1.715413 3.482470 -1.790453 1.618870 57.603455 1.536102 0.257181
93 120 Car 0 0 -1.000000 -1 -1 -1 -1 1.535465 1.705690 3.909374 -4.699974 1.667864 42.069540 1.590330 15.819779
93 121 Car 0 0 -1.000000 -1 -1 -1 -1 1.703749 1.702792 3.731774 -1.817990 1.669715 59.019820 1.533913 4.904437
94 122 Car 0 0 -1.000000 -1 -1 -1 -1 1.534740 1.658600 4.025034 -4.776736 1.697149 43.664238 1.576499 14.306840
94 121 Car 0 0 -1.000000 -1 -1 -1 -1 1.703749 1.702792 3.731774 -1.765629 1.698353 56.565441 1.534830 4.904437
95 123 Car 0 0 -1.000000 -1 -1 -1 -1 1.569485 1.682094 4.049393 -4.784811 1.790930 45.284010 1.582310 9.518760
95 121 Car 0 0 -1.000000 -1 -1 -1 -1 1.703749 1.702792 3.731774 -1.709112 1.756287 54.131338 1.535510 4.904437
96 124 Car 0 0 -1.000000 -1 -1 -1 -1 1.572453 1.711376 4.392398 -4.900312 1.813828 47.111890 1.564968 8.373712
96 121 Car 0 0 -1.000000 -1 -1 -1 -1 1.703749 1.702792 3.731774 -1.644534 1.768718 51.777926 1.536199 4.904437
97 121 Car 0 0 -1.000000 -1 -1 -1 -1 1.466511 1.609014 3.974167 -4.936008 1.804799 48.388256 1.581640 5.242465
98 126 Car 0 0 -1.000000 -1 -1 -1 -1 1.538712 1.610423 3.790432 -5.013637 1.779032 49.917675 1.558038 5.897636
98 125 Car 0 0 -1.000000 -1 -1 -1 -1 1.644565 1.695595 3.606368 -2.006621 1.767187 65.705430 1.550077 0.973253
99 128 Car 0 0 -1.000000 -1 -1 -1 -1 1.552390 1.631895 3.749695 -5.008282 1.842427 51.557293 1.582339 4.881725
99 125 Car 0 0 -1.000000 -1 -1 -1 -1 1.644565 1.695595 3.606368 -1.937065 1.717598 63.256706 1.551325 0.973253
100 130 Car 0 0 -1.000000 -1 -1 -1 -1 1.516216 1.655167 3.988341 -5.047707 2.059887 53.210870 1.589248 6.913573
100 129 Car 0 0 -1.000000 -1 -1 -1 -1 1.607171 1.750732 3.556016 -2.080390 1.946467 68.508690 1.531978 0.929693
101 131 Car 0 0 -1.000000 -1 -1 -1 -1 1.410539 1.554466 3.661097 -13.806400 1.476382 23.161032 1.496879 7.501870
101 132 Car 0 0 -1.000000 -1 -1 -1 -1 1.544963 1.640855 3.821291 -5.013751 2.110336 54.932228 1.585367 1.623691
101 133 Car 0 0 -1.000000 -1 -1 -1 -1 1.599010 1.710310 3.861936 -1.998913 1.921414 69.909120 1.563284 5.255727
102 135 Car 0 0 -1.000000 -1 -1 -1 -1 1.451920 1.561892 3.589143 -13.568461 1.471180 17.242785 1.509873 0.675508
102 125 Car 0 0 -1.000000 -1 -1 -1 -1 1.532884 1.630783 4.188828 -5.127285 1.892366 56.606070 1.505578 3.047859
102 133 Car 0 0 -1.000000 -1 -1 -1 -1 1.599010 1.710310 3.861936 -1.906199 1.891497 67.476729 1.564116 5.255727
103 136 Car 0 0 -1.000000 -1 -1 -1 -1 1.440377 1.659558 4.012990 -5.265388 1.813250 58.153030 1.466816 1.523518
103 133 Car 0 0 -1.000000 -1 -1 -1 -1 1.599010 1.710310 3.861936 -1.807755 1.772150 65.010422 1.565446 5.255727
104 138 Car 0 0 -1.000000 -1 -1 -1 -1 1.508881 1.644053 3.872862 -5.191658 1.762881 59.686400 1.605623 2.256131
104 137 Car 0 0 -1.000000 -1 -1 -1 -1 1.591686 1.700780 3.471166 -2.059669 1.709885 73.875230 1.605451 0.985569
105 139 Car 0 0 -1.000000 -1 -1 -1 -1 1.504528 1.589735 3.708466 -5.151358 1.685021 61.250210 1.511849 2.839860
105 137 Car 0 0 -1.000000 -1 -1 -1 -1 1.591686 1.700780 3.471166 -1.929369 1.620529 71.440284 1.607106 0.985569
106 140 Car 0 0 -1.000000 -1 -1 -1 -1 1.529423 1.620397 3.871075 -5.150455 1.711410 63.111570 1.571659 2.831347
106 137 Car 0 0 -1.000000 -1 -1 -1 -1 1.591686 1.700780 3.471166 -1.877377 1.588548 69.033387 1.607305 0.985569
107 140 Car 0 0 -1.000000 -1 -1 -1 -1 1.529423 1.620397 3.871075 -5.062570 1.709897 60.679782 1.572944 2.831347
107 137 Car 0 0 -1.000000 -1 -1 -1 -1 1.591686 1.700780 3.471166 -1.781841 1.590121 66.597427 1.608590 0.985569
108 142 Car 0 0 -1.000000 -1 -1 -1 -1 1.506522 1.645331 3.998435 -5.461421 1.954726 66.337814 1.520899 1.270041
108 141 Car 0 0 -1.000000 -1 -1 -1 -1 1.587102 1.672244 3.721058 -2.124957 1.738918 79.329500 1.649039 0.276299
109 143 Car 0 0 -1.000000 -1 -1 -1 -1 1.440781 1.616864 4.010685 -5.318303 1.952175 68.042360 1.532572 0.266985
109 144 Car 0 0 -1.000000 -1 -1 -1 -1 1.664190 1.658799 3.667150 -2.281683 1.960298 80.652110 1.588032 0.022223
110 146 Car 0 0 -1.000000 -1 -1 -1 -1 1.493227 1.706440 4.047216 -5.363540 1.992518 69.838020 1.584909 1.832951
111 146 Car 0 0 -1.000000 -1 -1 -1 -1 1.493227 1.706440 4.047216 -5.277070 2.028804 67.434202 1.585543 1.832951
112 144 Car 0 0 -1.000000 -1 -1 -1 -1 1.456877 1.627966 3.709949 -5.376688 1.834953 73.110110 1.565761 0.548385
113 147 Car 0 0 -1.000000 -1 -1 -1 -1 1.383689 1.651493 4.012811 -5.562241 1.694435 74.983100 1.491888 0.101527
