0 2 Car 0 0 -1.000000 -1 -1 -1 -1 1.340770 1.621189 4.076485 2.108927 1.801027 23.813387 1.725030 43.240346
0 1 Car 0 0 -1.000000 -1 -1 -1 -1 1.467910 1.618896 3.868145 25.291233 2.743382 68.140000 -0.633876 4.812403
1 3 Car 0 0 -1.000000 -1 -1 -1 -1 1.322447 1.626641 3.957746 2.215412 1.782548 23.461094 1.755343 38.515065
1 1 Car 0 0 -1.000000 -1 -1 -1 -1 1.467910 1.618896 3.868145 233.042480 6.868753 202.383428 0.262400 4.812403
2 3 Car 0 0 -1.000000 -1 -1 -1 -1 1.346838 1.622986 4.078296 2.346488 1.764749 23.233417 1.740472 40.633851
2 1 Car 0 0 -1.000000 -1 -1 -1 -1 1.467910 1.618896 3.868145 232.321866 6.702394 201.863289 0.258768 4.812403
3 3 Car 0 0 -1.000000 -1 -1 -1 -1 1.318164 1.600812 4.046565 2.468752 1.732965 22.926818 1.774478 43.235057
3 4 Car 0 0 -1.000000 -1 -1 -1 -1 1.495077 1.654496 3.777418 23.173836 1.935436 41.891174 2.084987 0.037600
4 3 Car 0 0 -1.000000 -1 -1 -1 -1 1.365097 1.624791 4.066377 2.507985 1.709309 22.648259 1.776248 44.375965
5 3 Car 0 0 -1.000000 -1 -1 -1 -1 1.395542 1.606631 4.190364 2.624411 1.659991 22.382267 1.791356 59.774071
6 3 Car 0 0 -1.000000 -1 -1 -1 -1 1.383602 1.599849 4.248582 2.697264 1.630557 22.149980 1.790502 60.041335
7 3 Car 0 0 -1.000000 -1 -1 -1 -1 1.391471 1.608032 4.183076 2.740282 1.611851 21.814725 1.795171 58.179861
8 3 Car 0 0 -1.000000 -1 -1 -1 -1 1.365350 1.600619 4.186887 2.785252 1.597593 21.462426 1.783426 57.047866
9 3 Car 0 0 -1.000000 -1 -1 -1 -1 1.364726 1.617312 4.232026 2.854757 1.579876 21.171440 1.802595 58.478782
10 3 Car 0 0 -1.000000 -1 -1 -1 -1 1.384769 1.639320 4.148404 2.865065 1.591126 20.859813 1.818957 58.408971
10 5 Car 0 0 -1.000000 -1 -1 -1 -1 1.476306 1.608985 3.733852 35.440193 1.495371 68.451660 -0.718344 0.523833
11 3 Car 0 0 -1.000000 -1 -1 -1 -1 1.375636 1.608362 4.175482 2.883941 1.588288 20.586167 1.798311 57.061322
11 5 Car 0 0 -1.000000 -1 -1 -1 -1 1.476306 1.608985 3.733852 34.878927 1.404641 67.521283 -0.726538 0.523833
12 3 Car 0 0 -1.000000 -1 -1 -1 -1 1.393859 1.650896 4.362582 2.944721 1.548845 20.416410 1.812692 58.454306
12 6 Car 0 0 -1.000000 -1 -1 -1 -1 1.468287 1.637925 3.972236 37.138100 1.183530 69.064240 -0.647267 1.734114
13 3 Car 0 0 -1.000000 -1 -1 -1 -1 1.375811 1.655318 4.214034 2.986093 1.521892 20.096437 1.810351 62.433038
13 6 Car 0 0 -1.000000 -1 -1 -1 -1 1.468287 1.637925 3.972236 36.555816 1.050083 68.204025 -0.655732 1.734114
14 3 Car 0 0 -1.000000 -1 -1 -1 -1 1.375207 1.626529 4.178989 3.077211 1.496974 19.842139 1.823746 63.485946
14 6 Car 0 0 -1.000000 -1 -1 -1 -1 1.468287 1.637925 3.972236 36.000856 0.992360 67.338971 -0.663872 1.734114
15 3 Car 0 0 -1.000000 -1 -1 -1 -1 1.387317 1.622272 4.194412 3.142806 1.481816 19.641307 1.843660 73.873803
16 3 Car 0 0 -1.000000 -1 -1 -1 -1 1.376210 1.609494 4.221255 3.225799 1.476847 19.432076 1.835051 76.647798
17 3 Car 0 0 -1.000000 -1 -1 -1 -1 1.378595 1.602451 4.157839 3.242537 1.456002 19.211255 1.850601 60.500234
17 7 Car 0 0 -1.000000 -1 -1 -1 -1 1.482632 1.678845 3.932871 24.697900 0.992381 38.452580 1.424112 1.778558
18 3 Car 0 0 -1.000000 -1 -1 -1 -1 1.370398 1.621496 4.060684 3.330685 1.454670 19.014003 1.861703 79.776261
19 3 Car 0 0 -1.000000 -1 -1 -1 -1 1.378719 1.661122 4.101706 3.357625 1.461288 18.845343 1.870629 64.043509
20 3 Car 0 0 -1.000000 -1 -1 -1 -1 1.385528 1.649913 3.994473 3.422481 1.487480 18.667999 1.893279 73.297631
20 8 Car 0 0 -1.000000 -1 -1 -1 -1 1.441391 1.594319 3.855124 -15.660725 1.756632 21.014755 -0.756630 47.608415
21 3 Car 0 0 -1.000000 -1 -1 -1 -1 1.356113 1.658688 4.174647 3.485709 1.467684 18.623658 1.885054 62.948383
21 8 Car 0 0 -1.000000 -1 -1 -1 -1 1.451718 1.618621 4.063151 -14.375458 1.715956 21.436705 -0.757499 54.370190
22 3 Car 0 0 -1.000000 -1 -1 -1 -1 1.367787 1.659809 4.171905 3.536709 1.471761 18.561470 1.880509 65.024955
22 8 Car 0 0 -1.000000 -1 -1 -1 -1 1.443692 1.607800 3.924985 -13.035676 1.663998 21.904959 5.470424 74.376983
23 3 Car 0 0 -1.000000 -1 -1 -1 -1 1.400682 1.642202 4.162498 3.613581 1.488455 18.481922 1.891407 80.314137
23 8 Car 0 0 -1.000000 -1 -1 -1 -1 1.442955 1.625884 3.975363 -11.729116 1.638306 22.479705 5.470335 73.169609
24 3 Car 0 0 -1.000000 -1 -1 -1 -1 1.367876 1.613115 4.138017 3.590580 1.516813 18.429437 1.908940 69.568471
24 8 Car 0 0 -1.000000 -1 -1 -1 -1 1.460023 1.630109 3.970850 -10.465400 1.651296 23.079119 5.460352 77.202357
25 3 Car 0 0 -1.000000 -1 -1 -1 -1 1.395844 1.633769 4.066832 3.619837 1.542138 18.302876 1.901330 91.472812
25 8 Car 0 0 -1.000000 -1 -1 -1 -1 1.433097 1.620870 3.972020 -9.254630 1.663431 23.634250 5.447533 80.901669
26 3 Car 0 0 -1.000000 -1 -1 -1 -1 1.383598 1.610295 4.093468 3.615888 1.560314 18.284263 1.914010 80.895304
26 8 Car 0 0 -1.000000 -1 -1 -1 -1 1.441981 1.620291 3.923876 -8.160514 1.705330 24.288502 5.455206 73.363331
27 3 Car 0 0 -1.000000 -1 -1 -1 -1 1.401766 1.617304 4.104750 3.592716 1.580484 18.279282 1.909570 70.572076
27 8 Car 0 0 -1.000000 -1 -1 -1 -1 1.425126 1.604261 3.900437 -7.057794 1.695670 24.946913 5.438124 81.140457
28 3 Car 0 0 -1.000000 -1 -1 -1 -1 1.390111 1.609914 4.118100 3.633728 1.610389 18.255114 1.919629 86.296055
28 8 Car 0 0 -1.000000 -1 -1 -1 -1 1.434747 1.598796 3.677722 -6.059585 1.728679 25.580661 5.429137 79.827697
28 9 Car 0 0 -1.000000 -1 -1 -1 -1 1.480222 1.675680 3.914975 8.462454 2.143428 56.963383 2.219233 0.126848
29 3 Car 0 0 -1.000000 -1 -1 -1 -1 1.374634 1.602915 4.134894 3.613976 1.610399 18.242030 1.914870 89.385419
29 8 Car 0 0 -1.000000 -1 -1 -1 -1 1.451101 1.618421 3.816505 -5.047096 1.760441 26.411024 5.396781 75.771330
29 9 Car 0 0 -1.000000 -1 -1 -1 -1 1.551038 1.658940 4.166857 6.691092 2.099814 54.632462 2.490482 0.032555
30 3 Car 0 0 -1.000000 -1 -1 -1 -1 1.396100 1.626769 4.207263 3.596245 1.631226 18.245421 1.903971 79.751162
30 8 Car 0 0 -1.000000 -1 -1 -1 -1 1.437908 1.573187 3.719260 -4.023713 1.764290 27.171569 5.384446 63.789276
30 9 Car 0 0 -1.000000 -1 -1 -1 -1 1.507826 1.744365 4.195327 4.476019 2.190373 52.550690 2.238816 4.606238
31 3 Car 0 0 -1.000000 -1 -1 -1 -1 1.387298 1.620167 4.047990 3.562909 1.655443 18.123776 1.923329 69.557177
31 8 Car 0 0 -1.000000 -1 -1 -1 -1 1.436950 1.623448 3.763975 -3.128355 1.815852 28.049712 5.372295 87.234038
31 9 Car 0 0 -1.000000 -1 -1 -1 -1 1.548497 1.726617 4.158637 2.621931 2.176992 50.046007 2.224919 6.208450
32 3 Car 0 0 -1.000000 -1 -1 -1 -1 1.391117 1.601446 4.142121 3.562479 1.693153 18.153952 1.910993 64.520422
32 8 Car 0 0 -1.000000 -1 -1 -1 -1 1.473472 1.651266 3.732716 -2.230054 1.855140 28.923171 5.374122 66.931924
32 9 Car 0 0 -1.000000 -1 -1 -1 -1 1.519805 1.724894 4.144236 0.542286 2.347965 47.836515 2.098196 2.757051
33 3 Car 0 0 -1.000000 -1 -1 -1 -1 1.380513 1.608760 4.072623 3.568434 1.748593 18.119930 1.920198 72.897583
33 8 Car 0 0 -1.000000 -1 -1 -1 -1 1.467638 1.632873 3.754741 -1.386093 1.961499 29.768794 5.359884 50.948754
34 3 Car 0 0 -1.000000 -1 -1 -1 -1 1.390804 1.607901 4.163517 3.572820 1.824970 18.149773 1.910933 64.177088
34 8 Car 0 0 -1.000000 -1 -1 -1 -1 1.441916 1.653103 3.710477 -0.641196 2.055307 30.748324 5.336443 62.518646
34 9 Car 0 0 -1.000000 -1 -1 -1 -1 1.546384 1.725195 4.031999 -3.327113 2.752192 42.647911 2.038942 3.997860
35 3 Car 0 0 -1.000000 -1 -1 -1 -1 1.393145 1.616258 4.196955 3.545715 1.861105 18.149620 1.905972 75.178658
35 8 Car 0 0 -1.000000 -1 -1 -1 -1 1.493870 1.677471 3.748029 0.080231 2.118791 31.718732 5.314460 47.198540
35 9 Car 0 0 -1.000000 -1 -1 -1 -1 1.495191 1.760265 4.307166 -4.738583 2.675494 40.179204 2.179707 12.362352
36 3 Car 0 0 -1.000000 -1 -1 -1 -1 1.395856 1.613296 4.136068 3.524837 1.808346 18.162514 1.915828 64.380125
36 8 Car 0 0 -1.000000 -1 -1 -1 -1 1.485125 1.634826 3.742802 0.821445 2.078755 32.715945 5.328982 51.714141
36 9 Car 0 0 -1.000000 -1 -1 -1 -1 1.472643 1.688131 4.039820 -6.486124 2.629983 37.497460 2.122597 15.232143
37 3 Car 0 0 -1.000000 -1 -1 -1 -1 1.379976 1.616189 4.113617 3.547132 1.713845 18.140461 1.906703 95.518418
37 8 Car 0 0 -1.000000 -1 -1 -1 -1 1.469385 1.627070 3.711630 1.467348 1.922419 33.756317 5.264317 49.720123
37 9 Car 0 0 -1.000000 -1 -1 -1 -1 1.445099 1.709999 4.181789 -8.116867 2.515525 34.986704 2.106668 27.218098
37 10 Car 0 0 -1.000000 -1 -1 -1 -1 1.524263 1.615333 3.673342 25.578850 1.230227 39.470703 0.486632 0.137947
37 11 Car 0 0 -1.000000 -1 -1 -1 -1 1.514024 1.656077 4.135994 7.536560 2.426409 64.505860 2.194182 3.619760
38 3 Car 0 0 -1.000000 -1 -1 -1 -1 1.375182 1.606514 4.112298 3.550905 1.677661 18.201718 1.916596 83.340153
38 9 Car 0 0 -1.000000 -1 -1 -1 -1 1.411435 1.651215 4.338502 -9.584469 2.476619 32.409287 2.100496 29.379645
38 8 Car 0 0 -1.000000 -1 -1 -1 -1 1.479199 1.623449 3.710536 2.084056 1.788959 34.789079 5.262368 35.373039
38 11 Car 0 0 -1.000000 -1 -1 -1 -1 1.514024 1.656077 4.135994 6.653727 2.126820 63.801802 2.180523 3.619760
38 12 Car 0 0 -1.000000 -1 -1 -1 -1 1.554336 1.746679 3.976022 15.814095 1.817704 79.145630 2.135200 2.889966
39 3 Car 0 0 -1.000000 -1 -1 -1 -1 1.380885 1.617350 4.171492 3.598453 1.646381 18.227707 1.925198 82.656824
39 9 Car 0 0 -1.000000 -1 -1 -1 -1 1.470196 1.755287 4.560152 -10.997730 2.308658 29.802118 2.097797 41.136527
39 8 Car 0 0 -1.000000 -1 -1 -1 -1 1.454001 1.592898 3.685040 2.729692 1.677399 35.851789 5.274213 41.826868
39 12 Car 0 0 -1.000000 -1 -1 -1 -1 1.554336 1.746679 3.976022 14.740381 1.554322 78.539425 2.121623 2.889966
40 3 Car 0 0 -1.000000 -1 -1 -1 -1 1.390703 1.633817 4.217125 3.602711 1.646711 18.300493 1.913147 79.632903
40 9 Car 0 0 -1.000000 -1 -1 -1 -1 1.398309 1.658924 4.400463 -12.423794 2.380906 27.065286 2.089980 35.115633
40 8 Car 0 0 -1.000000 -1 -1 -1 -1 1.514098 1.643821 3.745954 3.284676 1.674982 36.991474 5.249956 28.763077
40 13 Car 0 0 -1.000000 -1 -1 -1 -1 1.610908 1.715382 3.978848 1.606125 2.184909 57.276833 1.900667 6.003012
40 11 Car 0 0 -1.000000 -1 -1 -1 -1 1.514024 1.656077 4.135994 4.932598 1.838524 62.332848 2.153441 3.619760
40 12 Car 0 0 -1.000000 -1 -1 -1 -1 1.554336 1.746679 3.976022 13.673883 1.450260 77.917461 2.108119 2.889966
41 3 Car 0 0 -1.000000 -1 -1 -1 -1 1.391820 1.602016 4.127594 3.691609 1.636635 18.362415 1.906687 71.912712
41 9 Car 0 0 -1.000000 -1 -1 -1 -1 1.424434 1.725452 4.565914 -13.762856 2.324769 24.411361 2.068061 57.996396
41 8 Car 0 0 -1.000000 -1 -1 -1 -1 1.547890 1.631106 3.782758 3.862948 1.612975 38.090102 5.221473 22.880731
41 13 Car 0 0 -1.000000 -1 -1 -1 -1 1.757239 1.717363 4.292502 0.215192 2.207833 54.686252 2.097705 6.878952
42 3 Car 0 0 -1.000000 -1 -1 -1 -1 1.376898 1.610137 4.136723 3.691524 1.625444 18.393252 1.910208 74.232799
42 9 Car 0 0 -1.000000 -1 -1 -1 -1 1.407086 1.672197 4.481073 -15.069156 2.285559 21.622957 2.049540 77.851365
42 8 Car 0 0 -1.000000 -1 -1 -1 -1 1.452841 1.618692 3.681670 4.312723 1.581237 39.215143 5.248003 16.873834
42 13 Car 0 0 -1.000000 -1 -1 -1 -1 1.676326 1.683204 4.021901 -1.237056 2.214977 52.298645 2.117658 1.990803
43 3 Car 0 0 -1.000000 -1 -1 -1 -1 1.359822 1.631630 4.054747 3.699912 1.629704 18.432373 1.901025 80.454651
43 9 Car 0 0 -1.000000 -1 -1 -1 -1 1.407086 1.672197 4.481073 -16.297243 2.273853 18.845386 2.036008 77.851365
43 8 Car 0 0 -1.000000 -1 -1 -1 -1 1.462098 1.654674 3.656639 4.705854 1.620773 40.315835 5.231413 18.450085
43 13 Car 0 0 -1.000000 -1 -1 -1 -1 1.562743 1.763159 4.277509 -3.238213 2.241724 49.579718 2.059204 14.552187
44 3 Car 0 0 -1.000000 -1 -1 -1 -1 1.400926 1.615447 4.148626 3.691189 1.661754 18.539626 1.894783 71.294356
44 8 Car 0 0 -1.000000 -1 -1 -1 -1 1.422240 1.611336 3.538196 4.976830 1.624465 41.465411 5.194808 16.165874
44 13 Car 0 0 -1.000000 -1 -1 -1 -1 1.757723 1.725806 4.335010 -4.884258 2.313176 47.008561 2.062270 7.946590
45 3 Car 0 0 -1.000000 -1 -1 -1 -1 1.381500 1.612552 4.122107 3.666033 1.643212 18.597097 1.892532 76.312462
45 8 Car 0 0 -1.000000 -1 -1 -1 -1 1.554475 1.654093 3.730048 5.272751 1.606318 42.672185 5.160125 14.521792
45 13 Car 0 0 -1.000000 -1 -1 -1 -1 1.555085 1.755294 4.289882 -6.499577 2.233817 44.434096 2.041151 18.673186
46 3 Car 0 0 -1.000000 -1 -1 -1 -1 1.379968 1.617520 4.020197 3.601928 1.610536 18.628669 1.871645 79.742616
46 13 Car 0 0 -1.000000 -1 -1 -1 -1 1.554604 1.725966 4.305736 -7.988494 2.250102 41.647595 2.015990 26.028226
46 8 Car 0 0 -1.000000 -1 -1 -1 -1 1.526935 1.597315 3.617866 5.439617 1.504743 43.738015 5.160845 7.622221
47 3 Car 0 0 -1.000000 -1 -1 -1 -1 1.407409 1.628430 4.035185 3.585833 1.588987 18.714525 1.889020 68.349110
47 13 Car 0 0 -1.000000 -1 -1 -1 -1 1.609926 1.680362 4.302185 -9.546990 2.239194 38.939129 2.005675 29.300407
47 8 Car 0 0 -1.000000 -1 -1 -1 -1 1.529036 1.643083 3.847236 5.555734 1.425285 44.953226 5.121795 10.259209
48 3 Car 0 0 -1.000000 -1 -1 -1 -1 1.407243 1.640066 4.043155 3.538283 1.582694 18.820790 1.868278 77.594524
48 13 Car 0 0 -1.000000 -1 -1 -1 -1 1.615301 1.691866 4.209988 -10.935786 2.270000 36.128031 2.051559 28.670354
48 8 Car 0 0 -1.000000 -1 -1 -1 -1 1.463032 1.641664 3.914498 5.607426 1.457338 46.244179 5.080575 7.243808
48 14 Car 0 0 -1.000000 -1 -1 -1 -1 1.536983 1.642622 3.795512 -13.693362 2.350934 55.819115 1.887495 0.326329
49 3 Car 0 0 -1.000000 -1 -1 -1 -1 1.388423 1.644876 4.052280 3.443892 1.592576 18.922188 1.850144 83.077611
49 13 Car 0 0 -1.000000 -1 -1 -1 -1 1.545461 1.744251 4.346757 -12.285153 2.370068 33.337636 1.984316 51.174082
49 8 Car 0 0 -1.000000 -1 -1 -1 -1 1.453924 1.682999 3.857339 5.516159 1.494139 47.371536 5.053861 5.585480
50 3 Car 0 0 -1.000000 -1 -1 -1 -1 1.395716 1.637931 4.161169 3.378171 1.589647 19.072016 1.833836 86.026060
50 13 Car 0 0 -1.000000 -1 -1 -1 -1 1.592540 1.673863 3.943591 -13.578647 2.407882 30.369425 1.953611 41.546009
50 8 Car 0 0 -1.000000 -1 -1 -1 -1 1.495712 1.665063 3.991150 5.578816 1.475786 48.600108 5.103358 6.436498
51 3 Car 0 0 -1.000000 -1 -1 -1 -1 1.373615 1.648071 4.146489 3.340634 1.590448 19.164415 1.852979 90.108816
51 13 Car 0 0 -1.000000 -1 -1 -1 -1 1.586265 1.755279 4.352273 -14.746167 2.394292 27.652884 1.918933 58.308692
51 8 Car 0 0 -1.000000 -1 -1 -1 -1 1.517710 1.673868 3.936439 5.477032 1.511622 49.824842 5.075292 0.652920
52 3 Car 0 0 -1.000000 -1 -1 -1 -1 1.376201 1.636162 4.046692 3.204304 1.572607 19.237137 1.827228 80.802174
52 13 Car 0 0 -1.000000 -1 -1 -1 -1 1.618092 1.764822 4.359541 -15.876890 2.461797 24.796614 1.875432 62.359492
52 8 Car 0 0 -1.000000 -1 -1 -1 -1 1.517710 1.673868 3.936439 5.337706 1.508195 51.036628 5.058848 0.652920
53 3 Car 0 0 -1.000000 -1 -1 -1 -1 1.380091 1.640313 4.134635 3.214169 1.622446 19.414972 1.834430 83.052253
53 13 Car 0 0 -1.000000 -1 -1 -1 -1 1.582191 1.717208 4.468296 -16.883358 2.477426 21.816674 1.896281 48.395396
53 8 Car 0 0 -1.000000 -1 -1 -1 -1 1.497361 1.691254 4.044763 4.908116 1.553820 52.250753 4.971190 4.345749
54 3 Car 0 0 -1.000000 -1 -1 -1 -1 1.378777 1.624152 4.101364 3.093954 1.625574 19.541512 1.821201 70.965973
54 13 Car 0 0 -1.000000 -1 -1 -1 -1 1.582191 1.717208 4.468296 -17.846677 2.523242 18.833184 1.880683 48.395396
54 8 Car 0 0 -1.000000 -1 -1 -1 -1 1.479660 1.688047 3.990544 4.735645 1.555836 53.393211 5.023699 2.369834
55 3 Car 0 0 -1.000000 -1 -1 -1 -1 1.372757 1.620964 3.964282 2.978103 1.615326 19.608133 1.792208 71.064191
55 8 Car 0 0 -1.000000 -1 -1 -1 -1 1.479660 1.688047 3.990544 4.483862 1.595363 54.606933 5.008332 2.369834
55 15 Car 0 0 -1.000000 -1 -1 -1 -1 1.460376 1.639830 3.832105 4.468084 1.842512 74.344930 1.931897 0.266162
56 3 Car 0 0 -1.000000 -1 -1 -1 -1 1.392943 1.689769 4.174848 2.959645 1.590379 19.837987 1.788951 52.190410
56 8 Car 0 0 -1.000000 -1 -1 -1 -1 1.555250 1.686502 3.841869 4.332258 1.485926 55.699600 4.948162 4.733398
56 15 Car 0 0 -1.000000 -1 -1 -1 -1 1.460376 1.639830 3.832105 3.410067 1.840753 73.536072 1.917711 0.266162
57 3 Car 0 0 -1.000000 -1 -1 -1 -1 1.395979 1.634198 4.132225 2.955207 1.511601 19.968671 1.780362 59.339352
57 8 Car 0 0 -1.000000 -1 -1 -1 -1 1.617708 1.653626 3.413560 3.982456 1.278208 56.744698 4.942654 4.345612
57 15 Car 0 0 -1.000000 -1 -1 -1 -1 1.450882 1.616571 4.132454 1.560774 1.469834 69.702781 1.702953 1.139645
58 3 Car 0 0 -1.000000 -1 -1 -1 -1 1.371760 1.645661 4.197078 2.874081 1.426367 20.112264 1.777554 65.377750
58 8 Car 0 0 -1.000000 -1 -1 -1 -1 1.520856 1.728572 4.055208 3.810852 0.948062 58.244602 4.949357 1.440835
58 16 Car 0 0 -1.000000 -1 -1 -1 -1 1.494412 1.610972 3.848159 -16.817049 2.155699 62.640327 1.778684 0.016163
58 15 Car 0 0 -1.000000 -1 -1 -1 -1 1.450882 1.616571 4.132454 0.261518 1.133993 67.338364 1.690202 1.139645
59 3 Car 0 0 -1.000000 -1 -1 -1 -1 1.373653 1.651145 3.937087 2.802018 1.367663 20.180735 1.765793 48.485757
59 8 Car 0 0 -1.000000 -1 -1 -1 -1 1.536689 1.674343 3.687579 3.490133 0.926221 59.251138 4.945996 1.794874
59 15 Car 0 0 -1.000000 -1 -1 -1 -1 1.487282 1.626498 3.844872 -0.645798 1.287069 64.782695 1.789391 1.606424
60 3 Car 0 0 -1.000000 -1 -1 -1 -1 1.392371 1.662278 4.138168 2.739687 1.416293 20.426927 1.770612 46.828582
60 8 Car 0 0 -1.000000 -1 -1 -1 -1 1.514265 1.690645 3.943711 3.144962 0.982111 60.556865 4.867372 1.226535
60 15 Car 0 0 -1.000000 -1 -1 -1 -1 1.441904 1.637446 4.106486 -1.713906 1.266891 62.284498 1.848248 2.265326
61 3 Car 0 0 -1.000000 -1 -1 -1 -1 1.358747 1.656530 3.717916 2.611037 1.509223 20.416188 1.735060 50.244843
61 15 Car 0 0 -1.000000 -1 -1 -1 -1 1.500249 1.696638 4.514921 -2.807894 1.604090 60.048901 1.768076 5.114831
61 8 Car 0 0 -1.000000 -1 -1 -1 -1 1.603018 1.670738 3.625194 2.787384 1.259397 61.535473 4.866062 3.684897
62 3 Car 0 0 -1.000000 -1 -1 -1 -1 1.353784 1.662574 3.833077 2.441730 1.501979 20.623243 1.699892 31.683108
62 15 Car 0 0 -1.000000 -1 -1 -1 -1 1.466574 1.633790 3.762497 -3.913804 1.822190 57.299460 1.704749 5.376260
62 8 Car 0 0 -1.000000 -1 -1 -1 -1 1.542533 1.676521 4.042979 2.763391 1.445003 62.962149 4.947666 0.713344
63 3 Car 0 0 -1.000000 -1 -1 -1 -1 1.355564 1.655259 3.894695 2.419222 1.519317 20.840928 1.707442 59.029657
63 15 Car 0 0 -1.000000 -1 -1 -1 -1 1.494332 1.619305 3.864275 -4.658519 1.899298 54.814002 1.763750 2.546152
63 8 Car 0 0 -1.000000 -1 -1 -1 -1 1.542533 1.676521 4.042979 2.405246 1.634029 64.212942 4.935633 0.713344
64 3 Car 0 0 -1.000000 -1 -1 -1 -1 1.353884 1.654165 3.709476 2.298110 1.460918 20.891205 1.696678 44.860749
64 15 Car 0 0 -1.000000 -1 -1 -1 -1 1.491076 1.638085 3.845441 -5.657116 1.720539 52.370018 1.701842 3.706135
64 8 Car 0 0 -1.000000 -1 -1 -1 -1 1.489857 1.639171 3.666671 1.637868 1.257687 65.054794 4.844488 2.220764
65 17 Car 0 0 -1.000000 -1 -1 -1 -1 1.537819 1.492117 2.643495 -4.775819 1.643765 7.639756 1.737223 59.513893
65 3 Car 0 0 -1.000000 -1 -1 -1 -1 1.393211 1.663848 3.752047 2.160622 1.449634 21.103723 1.672538 42.891343
65 15 Car 0 0 -1.000000 -1 -1 -1 -1 1.520916 1.689331 3.808756 -6.551668 1.691334 49.820434 1.691464 5.105124
65 8 Car 0 0 -1.000000 -1 -1 -1 -1 1.489857 1.639171 3.666671 1.206245 1.040180 66.246320 4.833287 2.220764
66 17 Car 0 0 -1.000000 -1 -1 -1 -1 1.531159 1.503737 2.631046 -4.604411 1.646494 8.328900 1.757698 70.892261
66 3 Car 0 0 -1.000000 -1 -1 -1 -1 1.337736 1.664794 3.675429 2.013146 1.480857 21.213358 1.671703 30.188013
66 15 Car 0 0 -1.000000 -1 -1 -1 -1 1.469327 1.669271 3.962277 -7.318444 1.789139 47.280908 1.733803 13.242687
66 8 Car 0 0 -1.000000 -1 -1 -1 -1 1.428439 1.677559 3.567981 0.485656 1.209619 67.201087 4.791687 1.692330
67 17 Car 0 0 -1.000000 -1 -1 -1 -1 1.533925 1.504577 2.650748 -4.467684 1.682713 8.996521 1.740115 64.762344
67 3 Car 0 0 -1.000000 -1 -1 -1 -1 1.349472 1.653530 3.669247 1.859533 1.594903 21.356939 1.662711 34.377467
67 15 Car 0 0 -1.000000 -1 -1 -1 -1 1.492129 1.669146 3.803708 -8.021737 2.005685 44.582236 1.695162 20.589571
67 8 Car 0 0 -1.000000 -1 -1 -1 -1 1.412068 1.646814 3.797772 0.239955 1.537849 68.497513 4.792845 0.261794
68 17 Car 0 0 -1.000000 -1 -1 -1 -1 1.534606 1.496955 2.608660 -4.355736 1.722777 9.646783 1.735073 68.881903
68 3 Car 0 0 -1.000000 -1 -1 -1 -1 1.370084 1.632175 3.832150 1.706164 1.700652 21.608584 1.643797 45.897941
68 15 Car 0 0 -1.000000 -1 -1 -1 -1 1.514822 1.686582 3.713797 -8.763123 2.176368 41.931899 1.610017 17.603435
68 8 Car 0 0 -1.000000 -1 -1 -1 -1 1.412068 1.646814 3.797772 -0.301749 1.975926 69.633295 4.781475 0.261794
69 17 Car 0 0 -1.000000 -1 -1 -1 -1 1.541725 1.511083 2.671653 -4.240693 1.753906 10.332214 1.711523 85.132070
69 3 Car 0 0 -1.000000 -1 -1 -1 -1 1.375097 1.644192 3.731172 1.568977 1.752834 21.698093 1.630877 53.760994
69 15 Car 0 0 -1.000000 -1 -1 -1 -1 1.505832 1.769771 3.900600 -9.314968 2.263374 39.509285 1.650603 28.458014
69 19 Car 0 0 -1.000000 -1 -1 -1 -1 1.604774 1.648880 4.157951 -36.433212 3.956884 51.110104 1.655031 0.276612
69 8 Car 0 0 -1.000000 -1 -1 -1 -1 1.412068 1.646814 3.797772 -0.808607 2.371682 70.772322 4.771034 0.261794
69 18 Car 0 0 -1.000000 -1 -1 -1 -1 1.487321 1.607321 4.006403 -5.811113 2.325254 70.814560 1.714864 1.412381
70 17 Car 0 0 -1.000000 -1 -1 -1 -1 1.532246 1.511379 2.674228 -4.100634 1.734400 10.964407 1.709366 74.995429
70 3 Car 0 0 -1.000000 -1 -1 -1 -1 1.322179 1.643532 3.806399 1.454003 1.694524 21.881525 1.639507 43.920662
70 15 Car 0 0 -1.000000 -1 -1 -1 -1 1.461280 1.698822 3.618216 -9.767531 2.235795 36.784053 1.647741 35.950374
70 19 Car 0 0 -1.000000 -1 -1 -1 -1 1.566198 1.630696 3.843719 -36.639580 3.899007 50.207783 1.743317 0.118166
70 20 Car 0 0 -1.000000 -1 -1 -1 -1 1.543942 1.687642 3.831035 -9.807881 2.577877 65.980010 1.901304 1.259077
70 8 Car 0 0 -1.000000 -1 -1 -1 -1 1.412068 1.646814 3.797772 -1.291927 2.467877 71.885807 4.761424 0.261794
70 18 Car 0 0 -1.000000 -1 -1 -1 -1 1.508561 1.632235 4.031693 -6.613191 2.345751 68.253786 1.577220 0.708479
71 17 Car 0 0 -1.000000 -1 -1 -1 -1 1.529867 1.493901 2.610772 -4.043647 1.719165 11.589983 1.695520 69.608909
71 3 Car 0 0 -1.000000 -1 -1 -1 -1 1.335088 1.686651 3.502071 1.359714 1.649063 21.888757 1.636344 37.386868
71 15 Car 0 0 -1.000000 -1 -1 -1 -1 1.420119 1.593979 3.552485 -10.149285 1.997685 34.141261 1.635759 27.994292
71 20 Car 0 0 -1.000000 -1 -1 -1 -1 1.524855 1.697559 3.905670 -10.432892 2.416214 63.371182 1.913071 1.071973
71 18 Car 0 0 -1.000000 -1 -1 -1 -1 1.528377 1.635483 3.946048 -7.176645 2.226161 65.585398 1.650149 0.553910
71 8 Car 0 0 -1.000000 -1 -1 -1 -1 1.550995 1.658160 3.604850 -1.535638 1.953167 72.800045 4.887237 0.553587
72 17 Car 0 0 -1.000000 -1 -1 -1 -1 1.553338 1.514454 2.662988 -3.963002 1.737154 12.255317 1.669550 84.412156
72 3 Car 0 0 -1.000000 -1 -1 -1 -1 1.336701 1.640380 3.694027 1.200328 1.649123 22.080682 1.627407 36.266497
72 15 Car 0 0 -1.000000 -1 -1 -1 -1 1.478271 1.535916 3.395628 -10.465397 1.835479 31.979747 1.616276 0.602703
72 20 Car 0 0 -1.000000 -1 -1 -1 -1 1.537579 1.677675 4.068289 -11.218072 2.340632 60.573654 1.734498 3.235409
72 18 Car 0 0 -1.000000 -1 -1 -1 -1 1.456490 1.615090 4.129753 -7.774861 2.212820 62.933267 1.597862 2.304335
72 8 Car 0 0 -1.000000 -1 -1 -1 -1 1.550995 1.658160 3.604850 -1.881266 1.852147 73.876228 4.880150 0.553587
73 17 Car 0 0 -1.000000 -1 -1 -1 -1 1.556801 1.507486 2.571878 -3.872251 1.727457 12.855846 1.682304 71.573274
73 3 Car 0 0 -1.000000 -1 -1 -1 -1 1.351233 1.647588 3.705682 1.126077 1.658759 22.259663 1.621933 33.215692
73 15 Car 0 0 -1.000000 -1 -1 -1 -1 1.479039 1.580063 3.683487 -10.743815 2.044182 28.895797 1.663294 27.506939
73 20 Car 0 0 -1.000000 -1 -1 -1 -1 1.482627 1.624230 3.769402 -11.757568 2.434508 57.625557 1.580214 1.146649
73 18 Car 0 0 -1.000000 -1 -1 -1 -1 1.463025 1.594197 3.899562 -8.041992 2.098899 60.087582 1.744450 2.018350
73 8 Car 0 0 -1.000000 -1 -1 -1 -1 1.550995 1.658160 3.604850 -2.217714 1.776098 74.973913 4.873265 0.553587
73 21 Car 0 0 -1.000000 -1 -1 -1 -1 1.565529 1.726695 3.766419 -7.020639 2.090828 79.855510 1.702169 0.123119
74 17 Car 0 0 -1.000000 -1 -1 -1 -1 1.538121 1.503027 2.660909 -3.809408 1.722577 13.580452 1.669639 78.550666
74 3 Car 0 0 -1.000000 -1 -1 -1 -1 1.326069 1.631781 3.460851 1.050306 1.679589 22.280755 1.630324 36.291002
74 15 Car 0 0 -1.000000 -1 -1 -1 -1 1.462525 1.605843 3.498797 -11.109436 2.050890 26.121175 1.639997 83.652036
74 20 Car 0 0 -1.000000 -1 -1 -1 -1 1.491821 1.695775 4.324256 -12.038797 2.420671 55.095780 1.774472 4.586159
74 18 Car 0 0 -1.000000 -1 -1 -1 -1 1.513788 1.680703 3.718624 -8.717215 2.212036 57.497825 1.725767 7.707708
74 8 Car 0 0 -1.000000 -1 -1 -1 -1 1.550995 1.658160 3.604850 -2.530919 1.796157 76.016870 4.866994 0.553587
74 21 Car 0 0 -1.000000 -1 -1 -1 -1 1.492610 1.588915 3.695600 -7.477675 2.188509 77.082442 1.720043 0.059364
75 17 Car 0 0 -1.000000 -1 -1 -1 -1 1.526044 1.490460 2.613782 -3.762925 1.714312 14.165485 1.647604 75.508110
75 3 Car 0 0 -1.000000 -1 -1 -1 -1 1.308315 1.666508 3.596491 0.890011 1.675730 22.462681 1.605230 42.336867
75 15 Car 0 0 -1.000000 -1 -1 -1 -1 1.533185 1.657948 3.693026 -11.353299 2.061648 23.498509 1.633488 97.986665
75 18 Car 0 0 -1.000000 -1 -1 -1 -1 1.463089 1.677518 3.978824 -9.110077 2.200231 54.722806 1.600341 6.674862
75 8 Car 0 0 -1.000000 -1 -1 -1 -1 1.528082 1.629715 3.707632 -2.852539 2.059646 77.041044 4.841052 0.252160
76 17 Car 0 0 -1.000000 -1 -1 -1 -1 1.553589 1.523169 2.637732 -3.712042 1.740786 14.833239 1.631689 65.441039
76 3 Car 0 0 -1.000000 -1 -1 -1 -1 1.285146 1.661397 3.676118 0.775694 1.685900 22.603758 1.600398 36.543541
76 15 Car 0 0 -1.000000 -1 -1 -1 -1 1.469354 1.626183 3.607867 -11.560795 2.031669 20.808782 1.622347 80.515972
76 18 Car 0 0 -1.000000 -1 -1 -1 -1 1.501910 1.631501 4.304136 -9.588348 2.075457 52.187423 1.685684 0.260628
76 21 Car 0 0 -1.000000 -1 -1 -1 -1 1.600203 1.787050 3.869512 -8.510287 2.336560 71.703580 1.736818 1.062500
76 8 Car 0 0 -1.000000 -1 -1 -1 -1 1.528082 1.629715 3.707632 -3.152175 2.124721 78.087639 4.835473 0.252160
77 17 Car 0 0 -1.000000 -1 -1 -1 -1 1.560244 1.514945 2.569778 -3.701154 1.761076 15.361947 1.619248 56.468226
77 15 Car 0 0 -1.000000 -1 -1 -1 -1 1.509540 1.623983 3.543507 -11.768084 2.056312 18.148711 1.627503 102.605132
77 3 Car 0 0 -1.000000 -1 -1 -1 -1 1.299122 1.639012 3.706310 0.656904 1.707403 22.681603 1.586304 38.411306
77 18 Car 0 0 -1.000000 -1 -1 -1 -1 1.464099 1.606859 4.126002 -9.732192 2.123666 49.493681 1.614858 4.430608
77 21 Car 0 0 -1.000000 -1 -1 -1 -1 1.501717 1.737992 3.864450 -9.004930 2.198257 68.936681 1.625587 6.172433
77 8 Car 0 0 -1.000000 -1 -1 -1 -1 1.528082 1.629715 3.707632 -3.456859 2.174419 79.106435 4.829982 0.252160
78 17 Car 0 0 -1.000000 -1 -1 -1 -1 1.547233 1.539558 2.703413 -3.693437 1.796983 16.027455 1.632773 75.880316
78 15 Car 0 0 -1.000000 -1 -1 -1 -1 1.495153 1.581554 3.523743 -11.898979 2.080638 15.515727 1.600011 88.461193
78 3 Car 0 0 -1.000000 -1 -1 -1 -1 1.307578 1.605829 3.721292 0.633820 1.722320 22.803696 1.586347 41.580054
78 22 Car 0 0 -1.000000 -1 -1 -1 -1 1.570239 1.716967 4.179816 -13.650070 2.545586 43.956436 1.673811 3.395961
78 21 Car 0 0 -1.000000 -1 -1 -1 -1 1.544969 1.675844 3.814251 -9.310664 2.432364 66.201686 1.617193 6.278868
78 8 Car 0 0 -1.000000 -1 -1 -1 -1 1.528082 1.629715 3.707632 -3.697619 2.294823 80.071907 4.825271 0.252160
79 17 Car 0 0 -1.000000 -1 -1 -1 -1 1.545023 1.527762 2.637789 -3.674643 1.817785 16.594727 1.602710 61.492383
79 15 Car 0 0 -1.000000 -1 -1 -1 -1 1.495153 1.581554 3.523743 -12.009095 2.088471 12.821408 1.596085 88.461193
79 3 Car 0 0 -1.000000 -1 -1 -1 -1 1.360053 1.590625 3.896393 0.586804 1.811111 22.981911 1.589803 35.401737
79 22 Car 0 0 -1.000000 -1 -1 -1 -1 1.547504 1.781569 4.363721 -13.796361 2.572901 41.352212 1.677272 20.759829
79 21 Car 0 0 -1.000000 -1 -1 -1 -1 1.544969 1.675844 3.814251 -9.613603 2.536395 63.456155 1.613268 6.278868
79 8 Car 0 0 -1.000000 -1 -1 -1 -1 1.528082 1.629715 3.707632 -3.912353 2.434902 81.065355 4.821345 0.252160
80 17 Car 0 0 -1.000000 -1 -1 -1 -1 1.563635 1.542215 2.721850 -3.659849 1.807693 17.252081 1.584701 73.215613
80 3 Car 0 0 -1.000000 -1 -1 -1 -1 1.321067 1.608926 3.789864 0.508758 1.739341 23.005942 1.551673 32.041882
80 22 Car 0 0 -1.000000 -1 -1 -1 -1 1.528017 1.709257 4.371955 -14.010192 2.480854 38.515827 1.673833 20.672139
80 18 Car 0 0 -1.000000 -1 -1 -1 -1 1.472444 1.586049 3.784821 -10.417674 2.313630 41.020986 1.736505 2.572417
80 21 Car 0 0 -1.000000 -1 -1 -1 -1 1.548904 1.751901 3.963513 -9.757882 2.242493 60.692799 1.682711 2.999266
81 17 Car 0 0 -1.000000 -1 -1 -1 -1 1.550089 1.527713 2.627689 -3.683597 1.781109 17.810704 1.577904 65.562690
81 3 Car 0 0 -1.000000 -1 -1 -1 -1 1.323449 1.618097 3.577459 0.440011 1.742949 22.996646 1.580230 30.629185
81 22 Car 0 0 -1.000000 -1 -1 -1 -1 1.527709 1.730807 4.450164 -14.173243 2.382205 35.806850 1.639524 34.233764
81 18 Car 0 0 -1.000000 -1 -1 -1 -1 1.459341 1.605873 3.894086 -10.611696 2.122461 38.432370 1.613530 15.857406
81 21 Car 0 0 -1.000000 -1 -1 -1 -1 1.717103 1.624415 3.869830 -9.943088 2.117313 58.113589 1.615975 4.110548
82 17 Car 0 0 -1.000000 -1 -1 -1 -1 1.567419 1.528273 2.612860 -3.679435 1.771812 18.318849 1.561854 71.368428
82 3 Car 0 0 -1.000000 -1 -1 -1 -1 1.372823 1.599414 4.125944 0.401230 1.704049 23.290400 1.559408 38.752902
82 22 Car 0 0 -1.000000 -1 -1 -1 -1 1.522228 1.748601 4.410369 -14.271394 2.301451 32.972283 1.641097 25.033453
82 18 Car 0 0 -1.000000 -1 -1 -1 -1 1.474483 1.718587 4.280277 -10.782607 2.003765 35.840969 1.582000 24.187880
82 21 Car 0 0 -1.000000 -1 -1 -1 -1 1.556239 1.742475 3.796818 -10.160863 1.852692 55.650260 1.626857 10.325826
82 8 Car 0 0 -1.000000 -1 -1 -1 -1 1.528082 1.629715 3.707632 -4.280839 2.350123 84.012660 4.813577 0.252160
83 17 Car 0 0 -1.000000 -1 -1 -1 -1 1.562942 1.536385 2.599590 -3.658288 1.764489 18.926526 1.583241 57.982330
83 3 Car 0 0 -1.000000 -1 -1 -1 -1 1.319845 1.632669 3.899356 0.402064 1.604928 23.252169 1.592184 36.439172
83 22 Car 0 0 -1.000000 -1 -1 -1 -1 1.573791 1.776398 4.300722 -14.431791 2.253608 30.150623 1.593053 33.811436
83 18 Car 0 0 -1.000000 -1 -1 -1 -1 1.498550 1.726384 4.235931 -10.876414 1.959700 33.178722 1.582986 28.408360
84 17 Car 0 0 -1.000000 -1 -1 -1 -1 1.544824 1.526832 2.665001 -3.625478 1.691538 19.547170 1.580925 44.019678
84 3 Car 0 0 -1.000000 -1 -1 -1 -1 1.293890 1.669009 3.764890 0.410692 1.599040 23.201579 1.580204 22.899655
84 22 Car 0 0 -1.000000 -1 -1 -1 -1 1.520239 1.767756 4.392074 -14.379326 2.223456 27.458112 1.667669 48.299485
84 18 Car 0 0 -1.000000 -1 -1 -1 -1 1.459257 1.773165 4.364237 -10.859990 1.923530 30.466344 1.604373 37.214497
84 8 Car 0 0 -1.000000 -1 -1 -1 -1 1.528082 1.629715 3.707632 -4.294869 2.078830 85.958606 4.811399 0.252160
85 17 Car 0 0 -1.000000 -1 -1 -1 -1 1.544793 1.534995 2.716049 -3.594779 1.719776 20.165662 1.567206 56.034015
85 3 Car 0 0 -1.000000 -1 -1 -1 -1 1.327439 1.648983 3.722041 0.465045 1.617924 23.298431 1.598975 31.261378
85 22 Car 0 0 -1.000000 -1 -1 -1 -1 1.492494 1.734634 4.397112 -14.464024 2.233113 24.697724 1.622178 63.401743
85 18 Car 0 0 -1.000000 -1 -1 -1 -1 1.464550 1.745956 4.240643 -10.901010 1.890466 27.699240 1.597965 68.720353
85 21 Car 0 0 -1.000000 -1 -1 -1 -1 1.533043 1.647624 3.827741 -10.295728 2.006200 46.912192 1.701421 11.710982
85 8 Car 0 0 -1.000000 -1 -1 -1 -1 1.528082 1.629715 3.707632 -4.184486 1.962781 86.956842 4.811655 0.252160
86 17 Car 0 0 -1.000000 -1 -1 -1 -1 1.543678 1.551337 2.750716 -3.517960 1.728146 20.757675 1.587736 49.949746
86 3 Car 0 0 -1.000000 -1 -1 -1 -1 1.338595 1.670024 3.810073 0.553650 1.597941 23.369193 1.584866 22.437710
86 22 Car 0 0 -1.000000 -1 -1 -1 -1 1.456967 1.693227 4.480767 -14.541527 2.195704 22.108689 1.619179 43.567643
86 18 Car 0 0 -1.000000 -1 -1 -1 -1 1.442281 1.759229 4.352230 -10.903833 1.955787 25.077357 1.613421 60.468735
86 21 Car 0 0 -1.000000 -1 -1 -1 -1 1.638392 1.781952 4.212405 -10.152601 1.984970 44.434322 1.620803 16.981700
87 17 Car 0 0 -1.000000 -1 -1 -1 -1 1.563142 1.556222 2.742779 -3.429571 1.737240 21.352454 1.583582 59.560359
87 3 Car 0 0 -1.000000 -1 -1 -1 -1 1.349717 1.666781 3.796233 0.664599 1.624991 23.412961 1.609870 32.578882
87 22 Car 0 0 -1.000000 -1 -1 -1 -1 1.440062 1.631262 4.366249 -14.464286 2.221503 19.380397 1.633052 52.551169
87 18 Car 0 0 -1.000000 -1 -1 -1 -1 1.446677 1.771345 4.437941 -10.897140 1.928473 22.380366 1.608749 79.700836
87 21 Car 0 0 -1.000000 -1 -1 -1 -1 1.743089 1.865112 4.432636 -10.134944 2.042249 41.769117 1.619591 42.681486
88 17 Car 0 0 -1.000000 -1 -1 -1 -1 1.568009 1.539993 2.662652 -3.287530 1.754639 21.875806 1.583387 49.423136
88 18 Car 0 0 -1.000000 -1 -1 -1 -1 1.446150 1.730527 4.412665 -10.878387 1.980816 19.703745 1.594886 58.876674
88 3 Car 0 0 -1.000000 -1 -1 -1 -1 1.305957 1.653869 3.587729 0.689565 1.620462 23.337761 1.598952 28.742254
88 22 Car 0 0 -1.000000 -1 -1 -1 -1 1.440062 1.631262 4.366249 -14.452667 2.229817 16.687002 1.636476 52.551169
88 21 Car 0 0 -1.000000 -1 -1 -1 -1 1.716741 1.848473 4.426620 -10.067068 1.973228 39.034394 1.608646 57.893543
89 18 Car 0 0 -1.000000 -1 -1 -1 -1 1.473555 1.720138 4.372063 -10.914319 1.960625 16.994143 1.597198 101.897233
89 17 Car 0 0 -1.000000 -1 -1 -1 -1 1.544679 1.546826 2.771771 -3.191563 1.755772 22.518838 1.574657 50.382386
89 3 Car 0 0 -1.000000 -1 -1 -1 -1 1.299059 1.636918 3.773230 0.763826 1.619761 23.421758 1.571437 41.039510
89 21 Car 0 0 -1.000000 -1 -1 -1 -1 1.647541 1.760357 4.200817 -9.910572 2.009614 36.231391 1.606000 69.382098
90 18 Car 0 0 -1.000000 -1 -1 -1 -1 1.508748 1.698019 4.058324 -10.904355 2.004699 14.167288 1.611811 75.945109
90 17 Car 0 0 -1.000000 -1 -1 -1 -1 1.551018 1.528401 2.705138 -3.057868 1.787016 23.030851 1.578082 44.140283
90 3 Car 0 0 -1.000000 -1 -1 -1 -1 1.319713 1.645726 3.842444 0.949219 1.622326 23.587397 1.579491 34.378729
90 21 Car 0 0 -1.000000 -1 -1 -1 -1 1.686383 1.773598 4.226108 -9.848675 2.056737 33.552434 1.628489 65.538971
91 3 Car 0 0 -1.000000 -1 -1 -1 -1 1.313103 1.626533 3.731414 1.055576 1.635656 23.515646 1.585965 44.631192
91 17 Car 0 0 -1.000000 -1 -1 -1 -1 1.554259 1.554758 2.785336 -2.890057 1.785420 23.673612 1.581902 46.957215
91 22 Car 0 0 -1.000000 -1 -1 -1 -1 1.440062 1.631262 4.366249 -14.470496 2.193430 8.579323 1.648929 52.551169
91 21 Car 0 0 -1.000000 -1 -1 -1 -1 1.679266 1.784197 4.086629 -9.765473 2.053733 30.763230 1.630012 65.504226
92 3 Car 0 0 -1.000000 -1 -1 -1 -1 1.327698 1.645372 3.683889 1.188631 1.628325 23.512626 1.594501 50.766926
92 17 Car 0 0 -1.000000 -1 -1 -1 -1 1.583047 1.557006 2.720318 -2.754916 1.780389 24.222919 1.595910 54.838585
92 21 Car 0 0 -1.000000 -1 -1 -1 -1 1.651358 1.758477 4.134154 -9.726936 1.944468 28.020120 1.620504 80.256922
93 3 Car 0 0 -1.000000 -1 -1 -1 -1 1.351137 1.624966 3.836294 1.404224 1.630421 23.664683 1.615866 35.745152
93 17 Car 0 0 -1.000000 -1 -1 -1 -1 1.515280 1.544135 2.700643 -2.645689 1.741636 24.838904 1.575124 25.703805
93 21 Car 0 0 -1.000000 -1 -1 -1 -1 1.674365 1.707626 4.082356 -9.671449 1.912504 25.414897 1.619159 58.541676
94 3 Car 0 0 -1.000000 -1 -1 -1 -1 1.350032 1.642077 3.952117 1.508986 1.610619 23.714697 1.623175 37.055058
94 21 Car 0 0 -1.000000 -1 -1 -1 -1 1.698566 1.751386 4.218217 -9.683993 1.916849 22.671711 1.634434 73.736192
94 17 Car 0 0 -1.000000 -1 -1 -1 -1 1.534766 1.605381 2.937490 -2.486655 1.710654 25.553810 1.575773 47.359228
95 21 Car 0 0 -1.000000 -1 -1 -1 -1 1.698546 1.705525 4.060407 -9.731138 1.940929 19.870400 1.642157 99.421096
95 3 Car 0 0 -1.000000 -1 -1 -1 -1 1.356415 1.644337 4.005187 1.525871 1.654175 23.724380 1.580770 49.540960
95 17 Car 0 0 -1.000000 -1 -1 -1 -1 1.535763 1.574826 2.796244 -2.275441 1.705613 26.022696 1.601368 42.951346
95 24 Car 0 0 -1.000000 -1 -1 -1 -1 1.530547 1.624556 3.857101 -9.036774 2.210815 75.910355 1.705434 1.177811
96 21 Car 0 0 -1.000000 -1 -1 -1 -1 1.666995 1.714842 4.069638 -9.813620 1.946107 17.175323 1.654206 105.254176
96 3 Car 0 0 -1.000000 -1 -1 -1 -1 1.357777 1.623587 3.942343 1.662279 1.670625 23.723279 1.600960 39.819713
96 17 Car 0 0 -1.000000 -1 -1 -1 -1 1.559234 1.570923 2.812025 -2.152352 1.780459 26.609547 1.598985 57.763929
96 24 Car 0 0 -1.000000 -1 -1 -1 -1 1.530547 1.624556 3.857101 -8.790149 2.260202 74.810095 1.708550 1.177811
97 21 Car 0 0 -1.000000 -1 -1 -1 -1 1.733412 1.687570 4.077073 -9.912641 1.990727 14.453777 1.637665 101.839093
97 3 Car 0 0 -1.000000 -1 -1 -1 -1 1.374341 1.654678 3.883833 1.748238 1.625226 23.711735 1.603492 39.039056
97 17 Car 0 0 -1.000000 -1 -1 -1 -1 1.542517 1.561333 2.831466 -2.012998 1.707665 27.212290 1.607629 36.871183
97 24 Car 0 0 -1.000000 -1 -1 -1 -1 1.530547 1.624556 3.857101 -8.586468 2.294304 73.713454 1.711387 1.177811
98 21 Car 0 0 -1.000000 -1 -1 -1 -1 1.733412 1.687570 4.077073 -9.997628 1.991252 11.700921 1.639511 101.839093
98 3 Car 0 0 -1.000000 -1 -1 -1 -1 1.338408 1.603462 4.184539 1.794398 1.558391 23.878044 1.594040 39.553912
98 17 Car 0 0 -1.000000 -1 -1 -1 -1 1.609532 1.602408 2.933809 -1.932646 1.719561 27.810188 1.606917 48.061638
98 24 Car 0 0 -1.000000 -1 -1 -1 -1 1.530547 1.624556 3.857101 -8.444730 2.250349 72.606964 1.713233 1.177811
99 3 Car 0 0 -1.000000 -1 -1 -1 -1 1.356664 1.613214 4.186698 1.886637 1.595463 23.898139 1.593571 43.767820
99 17 Car 0 0 -1.000000 -1 -1 -1 -1 1.612779 1.592477 2.789970 -1.788724 1.712629 28.270112 1.623132 43.687884
100 3 Car 0 0 -1.000000 -1 -1 -1 -1 1.348182 1.638312 4.059190 1.894073 1.654067 23.804534 1.596432 55.479552
100 17 Car 0 0 -1.000000 -1 -1 -1 -1 1.564734 1.579879 2.829011 -1.616764 1.749146 28.910008 1.655090 33.165963
100 25 Car 0 0 -1.000000 -1 -1 -1 -1 1.540131 1.638231 3.845367 -9.118906 2.272355 62.412388 1.670896 1.488844
101 21 Car 0 0 -1.000000 -1 -1 -1 -1 1.733412 1.687570 4.077073 -10.335598 2.014198 3.320904 1.643613 101.839093
101 3 Car 0 0 -1.000000 -1 -1 -1 -1 1.357251 1.644114 4.045061 1.917533 1.695503 23.894198 1.571276 38.305598
101 17 Car 0 0 -1.000000 -1 -1 -1 -1 1.539576 1.571456 2.901670 -1.504288 1.794866 29.516145 1.639598 34.840183
101 26 Car 0 0 -1.000000 -1 -1 -1 -1 1.547362 1.592219 3.677204 -11.087493 2.198732 36.303745 1.767065 0.018652
101 25 Car 0 0 -1.000000 -1 -1 -1 -1 1.590018 1.696042 4.044720 -9.302131 2.266738 59.789881 1.703632 2.364329
101 27 Car 0 0 -1.000000 -1 -1 -1 -1 1.442940 1.604036 4.190172 -6.148200 2.353722 66.250860 1.519169 0.913153
102 3 Car 0 0 -1.000000 -1 -1 -1 -1 1.335779 1.614589 4.115814 1.992649 1.665338 23.872915 1.563425 56.186496
102 17 Car 0 0 -1.000000 -1 -1 -1 -1 1.537701 1.585279 2.783083 -1.392274 1.725306 30.049957 1.622257 30.167281
102 25 Car 0 0 -1.000000 -1 -1 -1 -1 1.534172 1.707475 4.006326 -9.407795 2.161532 56.958439 1.652006 9.784194
102 27 Car 0 0 -1.000000 -1 -1 -1 -1 1.442940 1.604036 4.190172 -6.070424 2.449401 65.060073 1.520734 0.913153
103 3 Car 0 0 -1.000000 -1 -1 -1 -1 1.366376 1.624529 4.162212 2.064507 1.656483 23.995052 1.593484 49.861724
103 17 Car 0 0 -1.000000 -1 -1 -1 -1 1.591317 1.596141 2.877161 -1.232079 1.765857 30.672436 1.630259 38.992138
103 28 Car 0 0 -1.000000 -1 -1 -1 -1 1.493326 1.551516 3.421237 -11.621271 2.193899 29.201004 1.706041 0.376481
103 25 Car 0 0 -1.000000 -1 -1 -1 -1 1.797943 1.666333 3.917090 -9.338539 2.134043 54.149806 1.675316 6.887589
103 27 Car 0 0 -1.000000 -1 -1 -1 -1 1.463794 1.611525 4.063831 -6.128509 2.114872 60.721486 1.622807 0.336903
104 3 Car 0 0 -1.000000 -1 -1 -1 -1 1.357249 1.618086 4.152656 2.089496 1.626146 24.029740 1.576964 52.981573
104 28 Car 0 0 -1.000000 -1 -1 -1 -1 1.504133 1.583656 3.668495 -11.620335 2.170096 26.333522 1.637347 0.205518
104 17 Car 0 0 -1.000000 -1 -1 -1 -1 1.552689 1.556022 2.553992 -1.134342 1.714204 31.099224 1.631886 33.635741
104 25 Car 0 0 -1.000000 -1 -1 -1 -1 1.831468 1.656592 4.187857 -9.442105 2.142058 51.592701 1.587330 7.906430
104 27 Car 0 0 -1.000000 -1 -1 -1 -1 1.463794 1.611525 4.063831 -6.127028 1.903063 58.003409 1.623772 0.336903
104 29 Car 0 0 -1.000000 -1 -1 -1 -1 1.530156 1.605100 3.673438 -37.358433 3.415527 49.306057 0.089392 0.211952
105 3 Car 0 0 -1.000000 -1 -1 -1 -1 1.367165 1.654746 4.186205 2.148575 1.584333 24.105773 1.566926 52.606431
105 28 Car 0 0 -1.000000 -1 -1 -1 -1 1.539401 1.521378 3.151775 -11.820666 2.203994 23.849991 1.652959 0.251149
105 17 Car 0 0 -1.000000 -1 -1 -1 -1 1.547126 1.605551 2.957640 -0.975461 1.678096 31.833163 1.652208 30.218038
105 25 Car 0 0 -1.000000 -1 -1 -1 -1 1.777160 1.791596 4.313772 -9.596690 2.063605 49.042422 1.656288 6.420667
105 27 Car 0 0 -1.000000 -1 -1 -1 -1 1.437335 1.615695 3.974970 -6.316149 2.034332 55.062631 1.640866 9.185036
105 29 Car 0 0 -1.000000 -1 -1 -1 -1 1.530156 1.605100 3.673438 -37.328880 3.416952 48.174706 0.089849 3.391235
106 28 Car 0 0 -1.000000 -1 -1 -1 -1 1.499183 1.542601 3.443434 -11.779961 2.186049 20.861269 1.616453 0.405407
106 3 Car 0 0 -1.000000 -1 -1 -1 -1 1.377025 1.629731 3.951383 2.174836 1.606944 24.061886 1.582186 61.873862
106 17 Car 0 0 -1.000000 -1 -1 -1 -1 1.562983 1.607461 2.714588 -0.898259 1.682093 32.361356 1.634852 31.670633
106 25 Car 0 0 -1.000000 -1 -1 -1 -1 1.785386 1.764899 4.080563 -9.749456 1.988559 45.958746 1.599098 8.371299
106 27 Car 0 0 -1.000000 -1 -1 -1 -1 1.511321 1.706887 4.148684 -6.408914 2.018863 52.322479 1.679002 9.201938
106 29 Car 0 0 -1.000000 -1 -1 -1 -1 1.530156 1.605100 3.673438 -37.305570 3.427343 47.041343 0.090266 3.391235
107 28 Car 0 0 -1.000000 -1 -1 -1 -1 1.575906 1.549887 3.107821 -12.013917 2.191060 17.935840 1.621757 3.901661
107 3 Car 0 0 -1.000000 -1 -1 -1 -1 1.405492 1.624458 4.140722 2.205266 1.596210 24.191664 1.548037 46.487096
107 17 Car 0 0 -1.000000 -1 -1 -1 -1 1.463357 1.628686 3.510660 -0.810484 1.615216 33.252901 1.625621 18.585519
107 25 Car 0 0 -1.000000 -1 -1 -1 -1 1.707371 1.832773 4.445429 -9.902146 2.056042 43.421671 1.601286 37.919947
107 27 Car 0 0 -1.000000 -1 -1 -1 -1 1.533985 1.778009 4.300535 -6.594197 1.930345 49.645648 1.620515 8.954615
107 30 Car 0 0 -1.000000 -1 -1 -1 -1 1.509004 1.602711 3.805785 -23.558887 2.982894 68.339010 1.680915 0.059321
108 3 Car 0 0 -1.000000 -1 -1 -1 -1 1.392302 1.675201 4.182540 2.269360 1.594808 24.263029 1.569584 39.051966
108 17 Car 0 0 -1.000000 -1 -1 -1 -1 1.543970 1.625529 3.764872 -0.641846 1.628512 33.939660 1.633998 25.982044
108 25 Car 0 0 -1.000000 -1 -1 -1 -1 1.820451 1.891032 4.516186 -9.967334 2.098679 40.688965 1.651555 25.638422
108 27 Car 0 0 -1.000000 -1 -1 -1 -1 1.485235 1.636590 4.217248 -6.623953 1.884918 46.927229 1.651141 6.148399
109 3 Car 0 0 -1.000000 -1 -1 -1 -1 1.388647 1.686571 4.103984 2.274843 1.578292 24.330590 1.557345 48.044482
109 17 Car 0 0 -1.000000 -1 -1 -1 -1 1.534489 1.599727 3.190021 -0.494709 1.654285 34.249212 1.663295 14.471042
109 25 Car 0 0 -1.000000 -1 -1 -1 -1 1.802687 1.897507 4.480231 -10.093325 2.066371 37.949454 1.675162 32.909651
109 27 Car 0 0 -1.000000 -1 -1 -1 -1 1.535584 1.667116 4.192450 -6.673780 1.971791 44.130122 1.800658 9.474385
110 3 Car 0 0 -1.000000 -1 -1 -1 -1 1.413759 1.663675 4.329041 2.290095 1.606995 24.529893 1.549046 47.475172
110 17 Car 0 0 -1.000000 -1 -1 -1 -1 1.557293 1.632978 3.632419 -0.441982 1.665325 35.037634 1.613685 16.073242
110 25 Car 0 0 -1.000000 -1 -1 -1 -1 1.722487 1.876516 4.456742 -10.224928 2.028244 35.230898 1.635306 73.863936
110 27 Car 0 0 -1.000000 -1 -1 -1 -1 1.482434 1.635022 4.000432 -6.967963 1.936538 41.206321 1.589717 16.711303
111 3 Car 0 0 -1.000000 -1 -1 -1 -1 1.431484 1.651963 4.230716 2.347150 1.643311 24.615295 1.570270 47.069182
111 25 Car 0 0 -1.000000 -1 -1 -1 -1 1.879955 1.933138 4.481975 -10.391415 2.110641 32.493042 1.657767 9.342737
111 17 Car 0 0 -1.000000 -1 -1 -1 -1 1.494379 1.609520 3.637635 -0.371880 1.611234 35.567790 1.599784 14.344838
111 27 Car 0 0 -1.000000 -1 -1 -1 -1 1.471995 1.662241 3.944186 -7.064755 1.968027 38.455857 1.640983 29.338759
112 3 Car 0 0 -1.000000 -1 -1 -1 -1 1.372352 1.620975 3.935836 2.312802 1.625493 24.624929 1.587391 42.370279
112 25 Car 0 0 -1.000000 -1 -1 -1 -1 1.959435 1.957208 4.513223 -10.620456 2.110348 29.721333 1.640994 2.581111
112 17 Car 0 0 -1.000000 -1 -1 -1 -1 1.459410 1.596141 3.571119 -0.329543 1.683198 36.087106 1.635957 11.145046
112 27 Car 0 0 -1.000000 -1 -1 -1 -1 1.449229 1.724428 4.067116 -7.209432 1.981917 35.738373 1.670873 35.606997
113 3 Car 0 0 -1.000000 -1 -1 -1 -1 1.389163 1.625512 4.152459 2.300535 1.634597 24.830317 1.584303 51.440941
113 25 Car 0 0 -1.000000 -1 -1 -1 -1 1.983994 1.955688 4.546007 -10.759111 2.065743 26.903015 1.638559 1.065558
113 27 Car 0 0 -1.000000 -1 -1 -1 -1 1.456926 1.711792 4.060503 -7.413371 1.925334 32.878044 1.650702 55.512566
113 17 Car 0 0 -1.000000 -1 -1 -1 -1 1.395455 1.553419 3.506644 -0.327465 1.666185 36.633812 1.633559 10.700802
114 3 Car 0 0 -1.000000 -1 -1 -1 -1 1.371850 1.623777 4.135705 2.193324 1.644380 24.900439 1.569546 57.856184
114 25 Car 0 0 -1.000000 -1 -1 -1 -1 1.997503 2.011957 4.624195 -11.016826 2.089829 24.144161 1.641762 0.522214
114 27 Car 0 0 -1.000000 -1 -1 -1 -1 1.465655 1.727040 4.048815 -7.641576 1.909794 29.989862 1.637867 66.026769
114 17 Car 0 0 -1.000000 -1 -1 -1 -1 1.367554 1.525664 3.242067 -0.326808 1.657549 37.061217 1.672558 18.888918
114 31 Car 0 0 -1.000000 -1 -1 -1 -1 1.553410 1.647786 3.844357 -8.020458 2.190262 61.547604 1.666286 2.564248
115 25 Car 0 0 -1.000000 -1 -1 -1 -1 1.956896 1.963753 4.625408 -11.179543 2.059848 21.340231 1.616524 10.473476
115 3 Car 0 0 -1.000000 -1 -1 -1 -1 1.346358 1.625810 4.250328 2.186045 1.672235 25.157140 1.591430 38.875641
115 27 Car 0 0 -1.000000 -1 -1 -1 -1 1.452562 1.699211 4.253850 -7.843804 1.929963 27.312170 1.648847 62.528728
115 17 Car 0 0 -1.000000 -1 -1 -1 -1 1.556445 1.620392 3.507259 -0.349903 1.780104 37.786724 1.607903 9.096340
115 31 Car 0 0 -1.000000 -1 -1 -1 -1 1.528905 1.630298 4.085275 -8.352655 2.223575 58.853951 1.599125 2.302126
116 25 Car 0 0 -1.000000 -1 -1 -1 -1 1.985738 1.937647 4.584712 -11.357795 2.141170 18.562850 1.626269 18.535334
116 3 Car 0 0 -1.000000 -1 -1 -1 -1 1.374497 1.602512 4.078116 2.106612 1.703267 25.157890 1.584388 43.905923
116 27 Car 0 0 -1.000000 -1 -1 -1 -1 1.512169 1.757443 4.360863 -8.014911 1.988333 24.517004 1.644405 82.163873
116 17 Car 0 0 -1.000000 -1 -1 -1 -1 1.635590 1.635078 3.888519 -0.442141 1.842263 38.563947 1.580350 13.056683
116 31 Car 0 0 -1.000000 -1 -1 -1 -1 1.537865 1.664674 4.022727 -8.584018 2.297350 56.091454 1.631608 5.913993
117 25 Car 0 0 -1.000000 -1 -1 -1 -1 1.952420 1.824614 4.488172 -11.440222 2.124668 15.775338 1.630842 54.260432
117 27 Car 0 0 -1.000000 -1 -1 -1 -1 1.457480 1.688699 4.053009 -8.198820 1.969436 21.541498 1.632067 99.632814
117 3 Car 0 0 -1.000000 -1 -1 -1 -1 1.355316 1.597971 4.096007 2.016237 1.690953 25.300309 1.560261 42.879019
117 17 Car 0 0 -1.000000 -1 -1 -1 -1 1.531514 1.628794 3.767197 -0.476528 1.855766 39.051109 1.624580 17.457960
117 31 Car 0 0 -1.000000 -1 -1 -1 -1 1.488150 1.683757 4.259171 -8.921037 2.318875 53.493993 1.645010 7.216590
118 25 Car 0 0 -1.000000 -1 -1 -1 -1 1.952420 1.824614 4.488172 -11.603366 2.125229 12.977782 1.627667 54.260432
118 27 Car 0 0 -1.000000 -1 -1 -1 -1 1.466869 1.709570 4.315287 -8.356317 1.966589 18.816483 1.620224 117.023801
118 3 Car 0 0 -1.000000 -1 -1 -1 -1 1.364218 1.597132 4.107093 1.920381 1.705456 25.437097 1.568168 47.576251
118 17 Car 0 0 -1.000000 -1 -1 -1 -1 1.528559 1.612673 3.922177 -0.617305 1.848463 39.672694 1.584285 13.030464
118 31 Car 0 0 -1.000000 -1 -1 -1 -1 1.555466 1.844978 4.104626 -9.340424 2.295751 50.648121 1.604077 10.324362
119 27 Car 0 0 -1.000000 -1 -1 -1 -1 1.460822 1.726113 4.347133 -8.466589 1.930097 15.933309 1.611662 112.749313
119 3 Car 0 0 -1.000000 -1 -1 -1 -1 1.363517 1.653676 4.175168 1.847807 1.701664 25.682032 1.553370 41.341486
119 17 Car 0 0 -1.000000 -1 -1 -1 -1 1.629032 1.644654 3.366586 -0.662810 1.900417 39.906658 1.627720 13.486818
119 31 Car 0 0 -1.000000 -1 -1 -1 -1 1.530994 1.792472 4.181552 -9.564214 2.223212 47.896000 1.584872 12.061654
120 27 Car 0 0 -1.000000 -1 -1 -1 -1 1.442284 1.650978 4.258701 -8.575750 1.902777 13.140086 1.603999 128.491661
120 3 Car 0 0 -1.000000 -1 -1 -1 -1 1.366740 1.633107 4.154616 1.717333 1.682073 25.739475 1.552412 44.193981
120 17 Car 0 0 -1.000000 -1 -1 -1 -1 1.556522 1.563074 3.255519 -0.529527 1.834529 39.555719 3.161968 6.275172
120 31 Car 0 0 -1.000000 -1 -1 -1 -1 1.530609 1.759044 4.342612 -9.797842 2.223883 45.300049 1.636081 12.094461
121 27 Car 0 0 -1.000000 -1 -1 -1 -1 1.442284 1.650978 4.258701 -8.704367 1.870618 10.278550 1.600312 128.491661
121 3 Car 0 0 -1.000000 -1 -1 -1 -1 1.355535 1.633908 4.298598 1.650752 1.691463 25.921088 1.558028 47.877157
121 17 Car 0 0 -1.000000 -1 -1 -1 -1 1.533936 1.605447 3.352496 -0.947108 1.838292 40.936542 4.675487 10.634317
121 31 Car 0 0 -1.000000 -1 -1 -1 -1 1.588703 1.785176 4.006246 -10.068808 2.246768 42.376245 1.610340 34.350545
122 3 Car 0 0 -1.000000 -1 -1 -1 -1 1.393562 1.636222 4.088286 1.513775 1.737952 26.026529 1.556163 53.596738
122 31 Car 0 0 -1.000000 -1 -1 -1 -1 1.564293 1.811029 4.196998 -10.390861 2.262965 39.739131 1.633404 42.678992
122 17 Car 0 0 -1.000000 -1 -1 -1 -1 1.595925 1.643249 3.547351 -1.101949 1.949983 41.576958 4.683898 11.678523
123 3 Car 0 0 -1.000000 -1 -1 -1 -1 1.374327 1.628402 3.965195 1.429498 1.763590 26.081221 1.539846 45.740790
123 31 Car 0 0 -1.000000 -1 -1 -1 -1 1.586723 1.723156 3.898164 -10.638366 2.278126 36.827886 1.673712 50.119804
123 17 Car 0 0 -1.000000 -1 -1 -1 -1 1.594894 1.627385 3.287324 -1.225655 1.960600 41.995771 4.707292 11.642600
123 32 Car 0 0 -1.000000 -1 -1 -1 -1 1.533288 1.592820 3.751804 -36.565662 3.336510 51.944252 1.523094 2.531980
124 3 Car 0 0 -1.000000 -1 -1 -1 -1 1.372297 1.607713 3.901864 1.347855 1.767819 26.179710 1.556455 44.778407
124 31 Car 0 0 -1.000000 -1 -1 -1 -1 1.611423 1.741219 3.913868 -10.909287 2.235923 34.086816 1.653893 48.544146
124 17 Car 0 0 -1.000000 -1 -1 -1 -1 1.586392 1.613950 3.182114 -1.424645 1.923051 42.419609 4.661974 11.326100
124 32 Car 0 0 -1.000000 -1 -1 -1 -1 1.530293 1.650011 3.870735 -37.869369 3.319178 49.867127 0.282651 1.049574
125 3 Car 0 0 -1.000000 -1 -1 -1 -1 1.391264 1.652035 4.177542 1.229129 1.744200 26.394855 1.545462 39.791129
125 31 Car 0 0 -1.000000 -1 -1 -1 -1 1.679582 1.753929 4.113004 -11.150523 2.214554 31.349434 1.656287 60.366439
125 17 Car 0 0 -1.000000 -1 -1 -1 -1 1.547198 1.611603 3.620301 -1.580491 1.867810 43.156285 4.641417 6.425784
125 33 Car 0 0 -1.000000 -1 -1 -1 -1 1.561830 1.665828 3.930518 -20.470726 2.621093 74.276436 1.635560 0.021483
126 3 Car 0 0 -1.000000 -1 -1 -1 -1 1.380985 1.639175 4.233094 1.085636 1.729214 26.463583 1.516732 39.297587
126 31 Car 0 0 -1.000000 -1 -1 -1 -1 1.688138 1.731482 4.052122 -11.387674 2.207062 28.582259 1.657337 77.798900
126 17 Car 0 0 -1.000000 -1 -1 -1 -1 1.504995 1.591475 3.522018 -1.638101 1.824778 43.502823 4.658190 9.099738
126 33 Car 0 0 -1.000000 -1 -1 -1 -1 1.542776 1.605819 3.736663 -20.722760 2.554606 72.918410 1.505412 0.014253
127 3 Car 0 0 -1.000000 -1 -1 -1 -1 1.357713 1.642910 4.196307 0.994847 1.731116 26.577778 1.526594 40.491527
127 31 Car 0 0 -1.000000 -1 -1 -1 -1 1.615784 1.727679 4.101788 -11.610491 2.174035 25.804368 1.656849 78.342088
127 17 Car 0 0 -1.000000 -1 -1 -1 -1 1.485133 1.577234 3.359075 -1.668128 1.834022 43.930040 4.704091 11.749405
127 35 Car 0 0 -1.000000 -1 -1 -1 -1 1.525304 1.655750 3.877159 -38.230710 3.302072 45.945730 0.208782 0.018171
127 34 Car 0 0 -1.000000 -1 -1 -1 -1 1.584424 1.670733 3.811797 -38.746850 3.336969 57.110320 1.564423 0.281782
128 31 Car 0 0 -1.000000 -1 -1 -1 -1 1.659132 1.711246 4.129126 -11.828484 2.206161 23.037340 1.656783 113.516342
128 3 Car 0 0 -1.000000 -1 -1 -1 -1 1.368906 1.647111 4.274163 0.930226 1.723097 26.735325 1.532871 48.197285
128 17 Car 0 0 -1.000000 -1 -1 -1 -1 1.480248 1.600277 3.273693 -1.756182 1.844794 44.362034 4.738716 10.114613
128 34 Car 0 0 -1.000000 -1 -1 -1 -1 1.554539 1.638076 3.963120 -39.384235 3.323903 56.000280 1.294541 0.032268
129 31 Car 0 0 -1.000000 -1 -1 -1 -1 1.633830 1.701035 4.062552 -11.993934 2.193866 20.242162 1.658946 114.298901
129 3 Car 0 0 -1.000000 -1 -1 -1 -1 1.355303 1.671129 4.076925 0.833301 1.714918 26.725506 1.515983 38.072629
129 17 Car 0 0 -1.000000 -1 -1 -1 -1 1.540643 1.603019 3.673715 -1.916676 1.881096 45.063717 4.712369 8.312632
130 31 Car 0 0 -1.000000 -1 -1 -1 -1 1.675164 1.677914 4.099158 -12.201633 2.216388 17.497323 1.655012 122.866326
130 3 Car 0 0 -1.000000 -1 -1 -1 -1 1.357114 1.652984 4.168180 0.747067 1.703629 26.912904 1.503012 38.099101
130 17 Car 0 0 -1.000000 -1 -1 -1 -1 1.498797 1.611991 3.881684 -1.980608 1.874715 45.625790 4.736787 10.032900
131 31 Car 0 0 -1.000000 -1 -1 -1 -1 1.675164 1.677914 4.099158 -12.339398 2.204622 14.718686 1.652817 122.866326
131 3 Car 0 0 -1.000000 -1 -1 -1 -1 1.384323 1.642826 4.197369 0.648561 1.649267 27.042669 1.499509 33.487040
131 17 Car 0 0 -1.000000 -1 -1 -1 -1 1.494554 1.605887 3.550032 -2.098728 1.805865 46.030525 4.748869 9.586468
132 3 Car 0 0 -1.000000 -1 -1 -1 -1 1.360867 1.602206 4.321875 0.498154 1.619035 27.214118 1.499419 39.588701
132 17 Car 0 0 -1.000000 -1 -1 -1 -1 1.522142 1.622334 3.709537 -2.276744 1.836904 46.572480 4.725606 17.866661
132 36 Car 0 0 -1.000000 -1 -1 -1 -1 1.595848 1.722809 4.116855 -39.450214 3.077342 50.887524 1.443631 0.536709
133 3 Car 0 0 -1.000000 -1 -1 -1 -1 1.419008 1.664500 4.228537 0.463244 1.657419 27.292321 1.515312 34.590226
133 17 Car 0 0 -1.000000 -1 -1 -1 -1 1.548465 1.631944 3.715117 -2.335451 1.813883 47.033736 4.775295 11.110398
133 36 Car 0 0 -1.000000 -1 -1 -1 -1 1.612726 1.715710 4.410789 -39.498165 3.092869 49.747350 1.466101 0.726505
134 3 Car 0 0 -1.000000 -1 -1 -1 -1 1.374558 1.615955 4.152737 0.386125 1.651149 27.396523 1.529856 31.179083
134 17 Car 0 0 -1.000000 -1 -1 -1 -1 1.588925 1.650326 3.810442 -2.457717 1.902661 47.584615 4.734082 10.374907
134 36 Car 0 0 -1.000000 -1 -1 -1 -1 1.570948 1.610439 3.732264 -39.439725 2.984043 48.134138 1.401203 0.026468
135 3 Car 0 0 -1.000000 -1 -1 -1 -1 1.375579 1.634035 3.905882 0.338112 1.689835 27.440036 1.545807 34.825220
135 17 Car 0 0 -1.000000 -1 -1 -1 -1 1.495547 1.613300 3.656358 -2.574217 1.873469 47.952848 4.697852 7.556654
136 3 Car 0 0 -1.000000 -1 -1 -1 -1 1.342507 1.648514 4.025993 0.209465 1.719125 27.528063 1.522925 39.204190
136 17 Car 0 0 -1.000000 -1 -1 -1 -1 1.495412 1.613723 3.720277 -2.654612 1.963036 48.467574 4.736348 7.952015
137 3 Car 0 0 -1.000000 -1 -1 -1 -1 1.329893 1.593642 3.786446 0.152143 1.771785 27.519750 1.491844 38.282305
137 17 Car 0 0 -1.000000 -1 -1 -1 -1 1.538309 1.641542 3.361690 -2.682509 2.090378 48.734667 4.667144 8.782294
138 3 Car 0 0 -1.000000 -1 -1 -1 -1 1.344195 1.623816 3.981970 0.144316 1.755388 27.706878 1.543176 43.408262
138 17 Car 0 0 -1.000000 -1 -1 -1 -1 1.535638 1.620465 3.591762 -2.704842 2.033635 49.221287 4.697905 11.606422
139 3 Car 0 0 -1.000000 -1 -1 -1 -1 1.340319 1.691430 3.779248 0.097641 1.749672 27.750743 1.528555 35.275045
139 17 Car 0 0 -1.000000 -1 -1 -1 -1 1.533322 1.621665 3.690065 -2.632246 2.032002 49.823216 4.780347 9.496889
140 3 Car 0 0 -1.000000 -1 -1 -1 -1 1.373082 1.660869 3.876430 0.117022 1.741112 27.965835 1.566506 16.789290
140 17 Car 0 0 -1.000000 -1 -1 -1 -1 1.492120 1.617347 3.743003 -2.675399 1.864631 50.293733 4.743045 6.943865
141 3 Car 0 0 -1.000000 -1 -1 -1 -1 1.427779 1.641607 4.140207 0.100447 1.688416 28.240459 1.560477 19.713315
141 17 Car 0 0 -1.000000 -1 -1 -1 -1 1.520238 1.610700 3.677060 -2.701298 1.876134 50.704474 4.759323 5.963924
142 3 Car 0 0 -1.000000 -1 -1 -1 -1 1.362816 1.638582 4.008532 0.031643 1.666214 28.265410 1.556264 30.713408
142 17 Car 0 0 -1.000000 -1 -1 -1 -1 1.434434 1.592473 3.528372 -2.837564 1.855705 51.000369 4.708805 9.627466
143 3 Car 0 0 -1.000000 -1 -1 -1 -1 1.359859 1.633591 3.934959 0.022298 1.684836 28.372729 1.557374 21.341070
143 17 Car 0 0 -1.000000 -1 -1 -1 -1 1.499937 1.619783 3.473776 -2.853093 1.932342 51.450266 4.679206 5.990781
144 3 Car 0 0 -1.000000 -1 -1 -1 -1 1.347284 1.652930 3.887036 -0.002467 1.684011 28.459092 1.571578 23.376473
144 17 Car 0 0 -1.000000 -1 -1 -1 -1 1.407735 1.583394 3.607399 -2.829524 1.783516 51.811275 4.736212 9.310177
145 3 Car 0 0 -1.000000 -1 -1 -1 -1 1.387511 1.653339 3.695253 -0.016152 1.700442 28.500447 1.574782 23.479017
145 17 Car 0 0 -1.000000 -1 -1 -1 -1 1.457384 1.609964 3.587078 -2.904329 1.815717 52.276049 4.688757 7.878113
146 3 Car 0 0 -1.000000 -1 -1 -1 -1 1.360423 1.609510 3.868713 -0.063813 1.690004 28.646414 1.530823 37.353481
146 17 Car 0 0 -1.000000 -1 -1 -1 -1 1.404586 1.597017 3.618982 -2.940082 1.765179 52.619770 4.726167 7.243274
147 3 Car 0 0 -1.000000 -1 -1 -1 -1 1.479120 1.652282 3.911357 -0.071892 1.708316 28.792187 1.575041 17.704490
147 17 Car 0 0 -1.000000 -1 -1 -1 -1 1.369233 1.588250 3.559461 -2.990090 1.759514 52.928944 4.708150 9.367480
148 3 Car 0 0 -1.000000 -1 -1 -1 -1 1.336022 1.675295 3.690164 -0.020098 1.781972 28.737954 1.588917 17.443431
148 17 Car 0 0 -1.000000 -1 -1 -1 -1 1.429218 1.614347 3.850101 -2.942350 1.885133 53.450543 4.749330 5.545682
148 37 Car 0 0 -1.000000 -1 -1 -1 -1 1.522232 1.608358 3.919839 -39.589080 3.121630 66.498924 1.614369 0.053903
149 3 Car 0 0 -1.000000 -1 -1 -1 -1 1.327057 1.616966 3.731594 -0.166622 1.845849 28.753108 1.521836 25.545158
149 17 Car 0 0 -1.000000 -1 -1 -1 -1 1.544511 1.626178 3.697495 -2.996177 2.135588 53.973964 4.685564 8.762380
150 3 Car 0 0 -1.000000 -1 -1 -1 -1 1.326519 1.662742 3.829479 -0.044563 1.803019 28.905518 1.580718 21.330565
150 17 Car 0 0 -1.000000 -1 -1 -1 -1 1.427942 1.606786 3.833927 -2.867516 1.969135 54.272802 4.777393 6.166451
151 3 Car 0 0 -1.000000 -1 -1 -1 -1 1.443725 1.645937 4.029641 -0.068210 1.714859 29.119751 1.597420 15.318074
151 17 Car 0 0 -1.000000 -1 -1 -1 -1 1.433248 1.591575 3.617363 -3.069258 1.875395 54.540310 4.684252 1.528069
152 3 Car 0 0 -1.000000 -1 -1 -1 -1 1.466041 1.643091 4.141152 -0.084690 1.747418 29.193088 1.580989 21.007481
152 17 Car 0 0 -1.000000 -1 -1 -1 -1 1.437785 1.601124 3.662541 -3.127411 1.914218 54.885962 4.703680 1.837364
153 3 Car 0 0 -1.000000 -1 -1 -1 -1 1.392748 1.620706 4.195823 -0.157166 1.782204 29.199351 1.566405 21.559825
153 17 Car 0 0 -1.000000 -1 -1 -1 -1 1.443349 1.612645 3.595579 -3.160841 1.940066 55.282768 4.693907 3.793480
154 3 Car 0 0 -1.000000 -1 -1 -1 -1 1.349819 1.623985 3.882484 -0.133115 1.809191 29.121913 1.582092 25.980037
154 17 Car 0 0 -1.000000 -1 -1 -1 -1 1.498965 1.639739 3.756102 -3.034506 2.065298 55.716277 4.770782 6.160933
154 38 Car 0 0 -1.000000 -1 -1 -1 -1 1.470253 1.590614 3.800051 -39.800970 3.274213 58.224205 1.524563 0.031961
155 3 Car 0 0 -1.000000 -1 -1 -1 -1 1.458410 1.616951 4.140020 -0.119755 1.740677 29.230957 1.595910 9.647863
155 17 Car 0 0 -1.000000 -1 -1 -1 -1 1.454779 1.607992 3.597172 -3.149066 1.900128 55.862311 4.701771 4.309961
155 38 Car 0 0 -1.000000 -1 -1 -1 -1 1.535046 1.612477 3.933617 -39.843500 3.240897 56.979435 1.452576 0.045034
156 3 Car 0 0 -1.000000 -1 -1 -1 -1 1.448792 1.611008 4.167971 -0.148559 1.744789 29.286696 1.590782 9.522954
156 17 Car 0 0 -1.000000 -1 -1 -1 -1 1.459486 1.608534 3.621622 -3.155606 1.914029 56.223146 4.750578 6.201037
156 38 Car 0 0 -1.000000 -1 -1 -1 -1 1.548193 1.619248 3.879727 -39.885703 3.295609 55.527351 1.410680 0.124207
157 3 Car 0 0 -1.000000 -1 -1 -1 -1 1.474372 1.652509 3.918151 -0.123326 1.738014 29.180096 1.598944 22.921059
157 17 Car 0 0 -1.000000 -1 -1 -1 -1 1.458218 1.601448 3.554759 -3.278346 1.929884 56.489361 4.703221 8.661769
158 3 Car 0 0 -1.000000 -1 -1 -1 -1 1.376072 1.621538 3.725249 -0.219020 1.724552 29.034233 1.559612 26.253644
158 17 Car 0 0 -1.000000 -1 -1 -1 -1 1.421633 1.599531 3.529883 -3.200492 1.820888 56.656794 4.702906 4.928496
158 38 Car 0 0 -1.000000 -1 -1 -1 -1 1.500692 1.598062 3.961329 -39.915849 3.183368 52.727906 1.535776 0.010528
159 3 Car 0 0 -1.000000 -1 -1 -1 -1 1.441265 1.650490 4.035896 -0.239161 1.593253 29.194783 1.547230 15.307785
159 17 Car 0 0 -1.000000 -1 -1 -1 -1 1.479857 1.596541 3.808017 -2.950605 1.572644 57.245300 4.794245 2.675182
160 3 Car 0 0 -1.000000 -1 -1 -1 -1 1.462190 1.668330 3.904925 -0.113257 1.561227 29.137300 1.598710 17.806553
160 17 Car 0 0 -1.000000 -1 -1 -1 -1 1.516207 1.580073 3.508682 -3.224226 1.543739 57.292674 4.752548 3.139647
160 39 Car 0 0 -1.000000 -1 -1 -1 -1 1.533461 1.594328 3.673702 -26.544434 2.557004 55.971290 1.704300 0.020364
161 3 Car 0 0 -1.000000 -1 -1 -1 -1 1.347032 1.684132 3.898954 -0.183698 1.645461 29.130285 1.576125 18.410653
161 17 Car 0 0 -1.000000 -1 -1 -1 -1 1.516207 1.580073 3.508682 -3.254945 1.498910 57.580143 4.752132 3.139647
162 3 Car 0 0 -1.000000 -1 -1 -1 -1 1.323252 1.676124 3.859348 -0.225926 1.640276 29.031223 1.578085 23.032295
162 40 Car 0 0 -1.000000 -1 -1 -1 -1 1.603397 1.625090 3.752184 -3.134158 1.755963 48.259930 1.604177 0.891378
163 3 Car 0 0 -1.000000 -1 -1 -1 -1 1.317137 1.694465 3.840844 -0.273353 1.629028 28.996035 1.544722 28.592031
163 17 Car 0 0 -1.000000 -1 -1 -1 -1 1.516207 1.580073 3.508682 -3.326070 1.686038 58.071655 4.751559 3.139647
164 3 Car 0 0 -1.000000 -1 -1 -1 -1 1.332245 1.691133 3.889137 -0.232134 1.636327 29.017473 1.573118 17.407539
164 17 Car 0 0 -1.000000 -1 -1 -1 -1 1.516207 1.580073 3.508682 -3.364218 1.660118 58.334080 4.751226 3.139647
165 3 Car 0 0 -1.000000 -1 -1 -1 -1 1.382666 1.650008 4.029260 -0.305372 1.706066 29.019413 1.539329 26.471930
165 17 Car 0 0 -1.000000 -1 -1 -1 -1 1.516207 1.580073 3.508682 -3.398164 1.653966 58.579135 4.750985 3.139647
166 3 Car 0 0 -1.000000 -1 -1 -1 -1 1.405045 1.677390 3.658946 -0.286741 1.730709 28.894338 1.531434 25.830657
166 17 Car 0 0 -1.000000 -1 -1 -1 -1 1.516207 1.580073 3.508682 -3.421818 1.720333 58.825936 4.750793 3.139647
167 3 Car 0 0 -1.000000 -1 -1 -1 -1 1.387973 1.651156 3.701675 -0.273842 1.727431 28.894497 1.563186 32.500055
167 41 Car 0 0 -1.000000 -1 -1 -1 -1 1.615396 1.632313 3.807702 -2.505513 1.916809 49.836758 1.651360 3.471429
168 3 Car 0 0 -1.000000 -1 -1 -1 -1 1.417623 1.626139 3.980931 -0.295465 1.717032 28.897154 1.551172 24.045872
168 17 Car 0 0 -1.000000 -1 -1 -1 -1 1.516768 1.579960 3.604453 -3.732717 1.863532 59.519123 4.745835 2.109216
169 3 Car 0 0 -1.000000 -1 -1 -1 -1 1.331771 1.608584 3.912043 -0.281091 1.661469 28.820926 1.546759 26.618584
169 17 Car 0 0 -1.000000 -1 -1 -1 -1 1.520404 1.599546 3.692662 -3.657018 1.864128 59.834951 4.784544 1.450484
170 3 Car 0 0 -1.000000 -1 -1 -1 -1 1.317104 1.717016 3.862673 -0.181577 1.616118 28.802204 1.575392 18.806609
170 17 Car 0 0 -1.000000 -1 -1 -1 -1 1.468105 1.583698 3.663961 -3.526534 1.662096 60.067914 4.794286 2.191932
171 3 Car 0 0 -1.000000 -1 -1 -1 -1 1.337646 1.651359 3.552449 -0.244451 1.618567 28.671193 1.535773 15.067799
171 17 Car 0 0 -1.000000 -1 -1 -1 -1 1.406958 1.556321 3.684475 -3.561308 1.501406 60.162261 4.740051 2.575292
172 3 Car 0 0 -1.000000 -1 -1 -1 -1 1.382722 1.654038 3.935738 -0.256343 1.619819 28.822535 1.554237 13.764942
172 42 Car 0 0 -1.000000 -1 -1 -1 -1 1.494610 1.630888 3.853042 -26.800230 2.814963 38.714912 1.667309 0.040229
172 17 Car 0 0 -1.000000 -1 -1 -1 -1 1.434665 1.627305 3.762867 -3.376369 1.506459 60.476932 4.760652 3.990603
173 3 Car 0 0 -1.000000 -1 -1 -1 -1 1.349330 1.646076 3.900238 -0.197118 1.631356 28.761616 1.581256 14.964290
173 43 Car 0 0 -1.000000 -1 -1 -1 -1 1.570068 1.605660 3.695237 -1.648434 1.637643 51.850716 1.532982 0.033323
173 17 Car 0 0 -1.000000 -1 -1 -1 -1 1.391100 1.596949 3.742669 -3.330048 1.500328 60.679081 4.770418 4.290398
174 3 Car 0 0 -1.000000 -1 -1 -1 -1 1.382268 1.665900 3.825903 -0.206644 1.631930 28.733591 1.572639 11.601270
174 17 Car 0 0 -1.000000 -1 -1 -1 -1 1.391837 1.591906 3.687734 -3.506246 1.485832 60.869132 4.676875 3.633576
175 3 Car 0 0 -1.000000 -1 -1 -1 -1 1.366425 1.657554 3.717963 -0.207254 1.650585 28.625628 1.559388 17.582920
175 44 Car 0 0 -1.000000 -1 -1 -1 -1 1.567577 1.631925 3.705827 -1.279064 1.528669 52.773445 1.516822 0.084121
175 17 Car 0 0 -1.000000 -1 -1 -1 -1 1.407746 1.594485 3.758358 -3.337528 1.516022 61.181755 4.775470 4.513665
176 3 Car 0 0 -1.000000 -1 -1 -1 -1 1.351832 1.682918 3.897153 -0.171588 1.622181 28.662374 1.587121 19.458988
176 17 Car 0 0 -1.000000 -1 -1 -1 -1 1.415674 1.593733 3.736972 -3.436320 1.473055 61.448083 4.703538 4.632247
177 3 Car 0 0 -1.000000 -1 -1 -1 -1 1.394906 1.666434 3.860913 -0.147236 1.628114 28.651263 1.582358 15.370541
177 17 Car 0 0 -1.000000 -1 -1 -1 -1 1.409267 1.676893 3.798912 -3.309238 1.485842 61.720214 4.757456 4.854548
178 3 Car 0 0 -1.000000 -1 -1 -1 -1 1.470844 1.644613 4.079830 -0.150602 1.539910 28.713854 1.581259 22.175235
178 17 Car 0 0 -1.000000 -1 -1 -1 -1 1.573564 1.648337 3.664179 -3.317155 1.506709 62.002807 4.705843 5.990168
179 3 Car 0 0 -1.000000 -1 -1 -1 -1 1.461589 1.612221 4.232668 -0.148287 1.548931 28.728880 1.551692 23.519973
179 17 Car 0 0 -1.000000 -1 -1 -1 -1 1.563206 1.627684 3.666779 -3.292424 1.533309 62.320517 4.760825 3.869420
180 3 Car 0 0 -1.000000 -1 -1 -1 -1 1.445598 1.619632 4.172875 -0.157775 1.591170 28.676007 1.557734 20.152667
180 17 Car 0 0 -1.000000 -1 -1 -1 -1 1.482187 1.649941 3.506513 -3.441575 1.606043 62.394586 4.666412 4.635441
181 3 Car 0 0 -1.000000 -1 -1 -1 -1 1.415252 1.700555 3.844057 -0.115290 1.617791 28.509562 1.579976 13.934680
181 45 Car 0 0 -1.000000 -1 -1 -1 -1 1.671824 1.633740 3.739123 -26.160511 2.633580 47.292920 1.573797 0.025424
181 17 Car 0 0 -1.000000 -1 -1 -1 -1 1.434300 1.618022 3.622210 -3.315868 1.606872 62.646291 4.767361 3.665255
182 3 Car 0 0 -1.000000 -1 -1 -1 -1 1.317089 1.665525 3.977123 -0.126111 1.605611 28.426843 1.551273 15.777182
182 17 Car 0 0 -1.000000 -1 -1 -1 -1 1.369956 1.571629 3.630257 -3.307191 1.577150 62.845859 4.723488 3.942062
183 3 Car 0 0 -1.000000 -1 -1 -1 -1 1.419415 1.627463 3.672358 -0.118183 1.700219 28.341115 1.568046 31.744373
183 17 Car 0 0 -1.000000 -1 -1 -1 -1 1.369956 1.571629 3.630257 -3.281090 1.669371 63.076353 4.723991 3.942062
184 3 Car 0 0 -1.000000 -1 -1 -1 -1 1.418251 1.649176 4.052063 -0.117028 1.674299 28.462206 1.580199 22.470211
184 17 Car 0 0 -1.000000 -1 -1 -1 -1 1.407848 1.594153 3.780883 -3.370028 1.582769 63.439252 4.707060 4.393946
185 3 Car 0 0 -1.000000 -1 -1 -1 -1 1.351324 1.678841 3.927491 -0.118952 1.647684 28.372338 1.548013 20.675306
185 17 Car 0 0 -1.000000 -1 -1 -1 -1 1.414597 1.639960 3.745778 -3.323543 1.589388 63.661107 4.740662 3.440550
186 3 Car 0 0 -1.000000 -1 -1 -1 -1 1.342658 1.689640 4.038535 -0.102712 1.593624 28.371751 1.534194 19.268252
186 17 Car 0 0 -1.000000 -1 -1 -1 -1 1.491600 1.623523 3.524280 -3.183384 1.580301 63.912135 4.719587 5.647058
187 3 Car 0 0 -1.000000 -1 -1 -1 -1 1.398815 1.686572 3.918183 -0.042312 1.593693 28.343076 1.586568 12.501444
187 46 Car 0 0 -1.000000 -1 -1 -1 -1 1.782688 1.713103 4.231330 31.314510 -0.150336 37.044117 1.700927 0.032956
187 17 Car 0 0 -1.000000 -1 -1 -1 -1 1.491600 1.623523 3.524280 -3.146754 1.513439 64.171089 4.720062 5.647058
188 3 Car 0 0 -1.000000 -1 -1 -1 -1 1.402265 1.693077 3.857541 -0.030510 1.597004 28.287735 1.583766 15.079314
188 47 Car 0 0 -1.000000 -1 -1 -1 -1 1.428259 1.581480 3.299835 -22.828470 2.667520 28.617130 1.697247 0.035344
188 17 Car 0 0 -1.000000 -1 -1 -1 -1 1.422719 1.606545 3.973416 -3.183630 1.443131 64.487988 4.751193 0.991981
189 3 Car 0 0 -1.000000 -1 -1 -1 -1 1.341449 1.697373 3.982067 0.044036 1.565060 28.218874 1.613551 19.541393
189 17 Car 0 0 -1.000000 -1 -1 -1 -1 1.542125 1.675606 3.878011 -3.254731 1.624666 64.869725 4.756746 1.375634
190 3 Car 0 0 -1.000000 -1 -1 -1 -1 1.438976 1.660334 3.869129 -0.021607 1.671117 28.170378 1.565853 32.259158
190 17 Car 0 0 -1.000000 -1 -1 -1 -1 1.373206 1.650125 3.826037 -3.219543 1.594937 64.916970 4.750010 3.279333
191 3 Car 0 0 -1.000000 -1 -1 -1 -1 1.421547 1.634511 4.121317 0.014261 1.671770 28.224067 1.582564 18.593804
191 48 Car 0 0 -1.000000 -1 -1 -1 -1 1.573086 1.566178 3.263320 15.244610 1.074982 32.697384 1.509088 0.053062
191 17 Car 0 0 -1.000000 -1 -1 -1 -1 1.401924 1.558598 3.676596 -3.379564 1.577379 65.108342 4.703493 4.224436
192 3 Car 0 0 -1.000000 -1 -1 -1 -1 1.490901 1.656811 4.088432 -0.048849 1.664595 28.180805 1.544072 21.245661
192 17 Car 0 0 -1.000000 -1 -1 -1 -1 1.318860 1.643393 3.589128 -3.161941 1.565043 65.166844 4.710121 3.279217
193 3 Car 0 0 -1.000000 -1 -1 -1 -1 1.343093 1.678429 4.065663 0.016449 1.616254 28.121826 1.558171 20.565038
193 17 Car 0 0 -1.000000 -1 -1 -1 -1 1.508935 1.647432 3.648793 -3.145131 1.631124 65.634389 4.760647 2.229326
194 3 Car 0 0 -1.000000 -1 -1 -1 -1 1.328645 1.632586 3.918800 0.015386 1.636371 27.918506 1.559804 22.779926
194 17 Car 0 0 -1.000000 -1 -1 -1 -1 1.508935 1.647432 3.648793 -3.126055 1.538040 65.899036 4.760760 2.229326
195 3 Car 0 0 -1.000000 -1 -1 -1 -1 1.386699 1.652224 3.891186 0.087504 1.647421 27.954100 1.575714 28.754562
195 17 Car 0 0 -1.000000 -1 -1 -1 -1 1.287756 1.605046 3.595130 -3.127061 1.563653 65.877110 4.707369 3.965884
196 3 Car 0 0 -1.000000 -1 -1 -1 -1 1.383601 1.635933 3.876404 0.117128 1.681269 27.908549 1.603618 17.223376
196 17 Car 0 0 -1.000000 -1 -1 -1 -1 1.309200 1.542173 3.583901 -3.062920 1.652687 66.117175 4.759248 1.865969
197 3 Car 0 0 -1.000000 -1 -1 -1 -1 1.411225 1.652834 3.909121 0.048979 1.655336 27.842450 1.570549 21.115603
197 17 Car 0 0 -1.000000 -1 -1 -1 -1 1.356117 1.670339 3.691318 -3.098871 1.631309 66.435702 4.747119 4.841347
197 49 Car 0 0 -1.000000 -1 -1 -1 -1 1.446420 1.585657 3.940206 -39.751400 3.693617 61.950310 1.464763 0.033462
198 3 Car 0 0 -1.000000 -1 -1 -1 -1 1.368708 1.640279 3.985727 0.047806 1.630172 27.845677 1.554503 35.204639
198 17 Car 0 0 -1.000000 -1 -1 -1 -1 1.356117 1.670339 3.691318 -3.108444 1.534484 66.673272 4.746984 4.841347
199 3 Car 0 0 -1.000000 -1 -1 -1 -1 1.406465 1.660911 3.962604 0.067385 1.569993 27.791254 1.574449 15.262453
200 3 Car 0 0 -1.000000 -1 -1 -1 -1 1.345166 1.639899 3.871593 0.012740 1.538898 27.734695 1.550293 17.178047
200 17 Car 0 0 -1.000000 -1 -1 -1 -1 1.454454 1.577610 3.683895 -3.204280 1.337595 67.175351 4.724020 1.264004
201 3 Car 0 0 -1.000000 -1 -1 -1 -1 1.347339 1.636027 3.825464 0.013103 1.510663 27.645850 1.555243 16.182520
201 17 Car 0 0 -1.000000 -1 -1 -1 -1 1.418045 1.583621 3.709373 -3.342367 1.279103 67.374168 4.709483 2.514281
201 51 Car 0 0 -1.000000 -1 -1 -1 -1 1.487059 1.597649 3.930503 -39.288880 3.512280 55.261753 -0.177824 0.016313
202 3 Car 0 0 -1.000000 -1 -1 -1 -1 1.333688 1.659094 3.788622 0.006766 1.540664 27.611298 1.581118 17.861172
203 3 Car 0 0 -1.000000 -1 -1 -1 -1 1.440287 1.663213 3.927896 0.020740 1.544585 27.618851 1.582343 20.477509
203 54 Car 0 0 -1.000000 -1 -1 -1 -1 1.471307 1.597911 4.157844 7.220068 1.290054 42.646140 1.644013 0.022563
203 52 Pedestrian 0 0 -1.000000 -1 -1 -1 -1 1.901114 0.476016 1.091590 26.116121 -0.739107 64.418670 0.368268 0.009575
204 3 Car 0 0 -1.000000 -1 -1 -1 -1 1.408953 1.692428 3.889990 0.000170 1.543081 27.534746 1.569096 13.813082
204 17 Car 0 0 -1.000000 -1 -1 -1 -1 1.453982 1.603589 3.989630 -3.335104 1.508600 68.101326 4.722052 0.681880
205 3 Car 0 0 -1.000000 -1 -1 -1 -1 1.378268 1.667212 4.066611 0.037816 1.539865 27.523934 1.595366 12.551071
205 17 Car 0 0 -1.000000 -1 -1 -1 -1 1.579473 1.654687 3.631632 -3.438001 1.677833 68.332407 4.722951 0.169021
206 3 Car 0 0 -1.000000 -1 -1 -1 -1 1.400546 1.671346 3.897432 -0.021082 1.549423 27.473131 1.579737 14.506592
206 56 Car 0 0 -1.000000 -1 -1 -1 -1 1.518193 1.613536 3.776891 -26.868519 2.702983 53.679768 1.611491 0.017930
206 57 Car 0 0 -1.000000 -1 -1 -1 -1 1.496085 1.599235 3.994113 -37.998390 3.565597 49.569480 1.819959 0.017628
206 17 Car 0 0 -1.000000 -1 -1 -1 -1 1.416680 1.597666 3.588731 -3.371209 1.430224 68.245975 4.788939 0.041696
207 3 Car 0 0 -1.000000 -1 -1 -1 -1 1.332668 1.642412 3.902685 -0.059326 1.529872 27.442068 1.568334 19.783039
207 58 Car 0 0 -1.000000 -1 -1 -1 -1 1.446252 1.583022 3.677747 7.140913 1.255479 36.730656 1.635946 0.018394
208 3 Car 0 0 -1.000000 -1 -1 -1 -1 1.383747 1.642704 3.647460 -0.095871 1.510596 27.236719 1.536985 24.762234
208 59 Car 0 0 -1.000000 -1 -1 -1 -1 1.551323 1.624580 3.897309 -26.700531 2.457310 42.464672 1.460340 0.074864
208 17 Car 0 0 -1.000000 -1 -1 -1 -1 1.417275 1.593030 3.715085 -3.457993 1.335244 68.801070 4.784103 0.241613
209 3 Car 0 0 -1.000000 -1 -1 -1 -1 1.357676 1.626701 4.036764 -0.116552 1.496312 27.349101 1.542588 20.575344
209 17 Car 0 0 -1.000000 -1 -1 -1 -1 1.420004 1.589529 3.726693 -3.596218 1.320328 68.988601 4.704285 0.175751
210 3 Car 0 0 -1.000000 -1 -1 -1 -1 1.342800 1.659469 3.765422 -0.037020 1.473678 27.238780 1.579567 26.799529
210 17 Car 0 0 -1.000000 -1 -1 -1 -1 1.386956 1.665791 3.683879 -3.508367 1.284872 69.143027 4.757232 0.276510
211 3 Car 0 0 -1.000000 -1 -1 -1 -1 1.360104 1.677385 3.955772 -0.097405 1.465843 27.295021 1.546698 26.480030
211 17 Car 0 0 -1.000000 -1 -1 -1 -1 1.348246 1.585340 3.618003 -3.517333 1.319004 69.193923 4.798021 0.135649
212 3 Car 0 0 -1.000000 -1 -1 -1 -1 1.362314 1.656406 3.957765 -0.064220 1.454051 27.242763 1.574634 24.454269
212 60 Car 0 0 -1.000000 -1 -1 -1 -1 1.544364 1.591357 3.681430 -26.920880 2.622053 36.822120 1.466555 0.077709
212 17 Car 0 0 -1.000000 -1 -1 -1 -1 1.333129 1.574105 3.590064 -3.408527 1.322566 69.368862 4.826952 1.820178
213 3 Car 0 0 -1.000000 -1 -1 -1 -1 1.375841 1.654925 3.828356 -0.104142 1.476159 27.143051 1.551872 16.676140
213 17 Car 0 0 -1.000000 -1 -1 -1 -1 1.456181 1.603626 3.715187 -3.536081 1.362118 69.772269 4.768814 3.899271
214 3 Car 0 0 -1.000000 -1 -1 -1 -1 1.363215 1.638182 3.964642 -0.143995 1.477460 27.196219 1.545177 22.628868
214 60 Car 0 0 -1.000000 -1 -1 -1 -1 1.587590 1.592867 3.641196 -26.823282 2.761372 34.019714 1.395251 0.018943
214 17 Car 0 0 -1.000000 -1 -1 -1 -1 1.396953 1.595623 3.741299 -3.578270 1.373581 69.947244 4.733992 1.060971
214 61 Car 0 0 -1.000000 -1 -1 -1 -1 1.654121 1.650511 3.946876 -26.960157 1.995093 65.151890 1.338931 0.016440
