12 1 Car 0 0 -1.000000 -1 -1 -1 -1 1.473311 1.642857 3.757036 -12.616768 1.098769 69.904360 0.869946 1.314777
13 1 Car 0 0 -1.000000 -1 -1 -1 -1 1.473311 1.642857 3.757036 -12.819666 1.155097 68.273440 0.866966 1.314777
14 1 Car 0 0 -1.000000 -1 -1 -1 -1 1.513697 1.603439 3.816183 -11.750268 1.039405 66.304640 0.946479 0.592438
15 1 Car 0 0 -1.000000 -1 -1 -1 -1 1.531675 1.625223 3.808139 -11.540992 1.091191 64.169381 0.598192 6.262092
16 1 Car 0 0 -1.000000 -1 -1 -1 -1 1.491754 1.581459 3.615419 -10.904243 1.310197 62.277698 0.534243 5.881709
16 2 Car 0 0 -1.000000 -1 -1 -1 -1 1.573338 1.681981 3.676570 -18.307800 1.243658 72.839455 1.299778 1.649571
17 1 Car 0 0 -1.000000 -1 -1 -1 -1 1.447344 1.605295 3.936144 -10.436236 1.559266 60.583618 0.459240 7.488691
17 2 Car 0 0 -1.000000 -1 -1 -1 -1 1.563170 1.636027 3.694868 -18.513428 1.662927 70.756997 1.049073 1.126733
18 1 Car 0 0 -1.000000 -1 -1 -1 -1 1.470077 1.591137 3.887388 -9.812609 1.631325 58.829531 0.436529 10.576967
18 2 Car 0 0 -1.000000 -1 -1 -1 -1 1.563170 1.636027 3.694868 -18.713696 2.172563 68.685566 1.047126 1.126733
19 1 Car 0 0 -1.000000 -1 -1 -1 -1 1.465313 1.591606 3.909804 -9.140956 1.507683 57.219547 0.378332 13.374554
19 2 Car 0 0 -1.000000 -1 -1 -1 -1 1.471193 1.668097 4.313631 -18.181492 1.708061 67.056426 1.189665 1.324662
20 1 Car 0 0 -1.000000 -1 -1 -1 -1 1.517242 1.620453 3.829263 -8.547161 1.470077 55.718072 0.334656 12.704292
20 2 Car 0 0 -1.000000 -1 -1 -1 -1 1.467829 1.615836 4.086037 -17.525610 1.579345 65.009658 1.378707 2.062165
21 1 Car 0 0 -1.000000 -1 -1 -1 -1 1.545687 1.615755 3.717429 -7.379850 1.475557 54.077671 0.234100 13.341323
21 2 Car 0 0 -1.000000 -1 -1 -1 -1 1.562799 1.655012 3.983070 -17.430594 1.527848 62.929147 0.983770 3.420132
22 1 Car 0 0 -1.000000 -1 -1 -1 -1 1.583148 1.670450 4.062599 -6.662317 1.453080 52.577862 0.222545 10.145512
22 2 Car 0 0 -1.000000 -1 -1 -1 -1 1.547267 1.660979 3.811947 -16.824417 1.481352 61.029728 1.078021 4.483623
23 1 Car 0 0 -1.000000 -1 -1 -1 -1 1.473648 1.578614 3.526374 -5.554560 1.363806 51.111058 0.184775 23.594374
23 2 Car 0 0 -1.000000 -1 -1 -1 -1 1.590872 1.730140 4.209407 -16.275795 1.485727 59.328486 1.084636 5.100187
24 1 Car 0 0 -1.000000 -1 -1 -1 -1 1.483934 1.604823 3.759528 -4.612503 1.456505 49.755332 0.127067 35.195745
24 2 Car 0 0 -1.000000 -1 -1 -1 -1 1.590872 1.730140 4.209407 -15.696384 1.406925 57.521390 1.088449 5.100187
25 1 Car 0 0 -1.000000 -1 -1 -1 -1 1.507809 1.600926 3.600210 -3.498155 1.481814 48.411076 0.088329 39.441393
25 2 Car 0 0 -1.000000 -1 -1 -1 -1 1.546309 1.738113 4.295442 -15.160769 1.569820 55.833561 1.069716 9.567753
26 1 Car 0 0 -1.000000 -1 -1 -1 -1 1.527688 1.584379 3.483804 -2.114515 1.417181 47.076632 0.050734 29.452274
26 2 Car 0 0 -1.000000 -1 -1 -1 -1 1.498047 1.701136 4.146260 -14.180548 1.530311 54.001466 1.105633 5.091082
27 1 Car 0 0 -1.000000 -1 -1 -1 -1 1.546149 1.599082 3.542399 -0.964760 1.421237 45.844709 0.004612 45.190404
27 2 Car 0 0 -1.000000 -1 -1 -1 -1 1.530541 1.823248 4.243578 -13.531775 1.425338 52.272149 1.070723 8.728361
28 1 Car 0 0 -1.000000 -1 -1 -1 -1 1.516423 1.584729 3.568373 0.387815 1.601781 44.670790 0.047396 38.123660
28 2 Car 0 0 -1.000000 -1 -1 -1 -1 1.535755 1.710137 4.303032 -12.649934 1.550719 50.654906 1.069249 8.356272
29 1 Car 0 0 -1.000000 -1 -1 -1 -1 1.476366 1.590540 3.667039 1.548066 1.620762 43.491586 0.172444 55.636202
29 2 Car 0 0 -1.000000 -1 -1 -1 -1 1.536602 1.696756 4.202390 -12.005695 1.727770 48.924352 0.940487 15.551295
30 1 Car 0 0 -1.000000 -1 -1 -1 -1 1.507934 1.583411 3.525023 2.821540 1.562287 42.410705 0.452130 51.576092
30 2 Car 0 0 -1.000000 -1 -1 -1 -1 1.540166 1.668712 4.035323 -11.139852 1.715016 47.215906 0.947623 14.010308
31 1 Car 0 0 -1.000000 -1 -1 -1 -1 1.531358 1.595325 3.554207 4.085795 1.493094 41.327262 1.017570 56.567576
31 2 Car 0 0 -1.000000 -1 -1 -1 -1 1.590592 1.788575 4.361722 -10.437503 1.592734 45.678721 0.901518 27.874610
32 1 Car 0 0 -1.000000 -1 -1 -1 -1 1.535360 1.583704 3.517090 5.267629 1.456377 40.287931 2.187916 53.024280
32 2 Car 0 0 -1.000000 -1 -1 -1 -1 1.516825 1.716394 4.190139 -9.635996 1.602655 44.004526 0.867789 31.703186
33 1 Car 0 0 -1.000000 -1 -1 -1 -1 1.503503 1.603812 3.757564 6.625999 1.377875 39.364157 2.943277 53.264036
33 2 Car 0 0 -1.000000 -1 -1 -1 -1 1.575529 1.747428 4.259356 -8.893324 1.509138 42.442558 0.819003 33.390522
34 1 Car 0 0 -1.000000 -1 -1 -1 -1 1.547683 1.590021 3.496785 7.761336 1.363198 38.397507 2.936641 58.083650
34 2 Car 0 0 -1.000000 -1 -1 -1 -1 1.605609 1.732463 4.317804 -8.072466 1.457508 40.880984 0.776609 41.233568
35 1 Car 0 0 -1.000000 -1 -1 -1 -1 1.568353 1.585551 3.387034 8.994185 1.406389 37.496491 2.909892 48.278939
35 2 Car 0 0 -1.000000 -1 -1 -1 -1 1.575371 1.726688 4.414648 -7.403513 1.533287 39.347883 0.752877 51.045847
36 1 Car 0 0 -1.000000 -1 -1 -1 -1 1.584056 1.606408 3.499175 10.347413 1.428608 36.671046 2.898775 50.241115
36 2 Car 0 0 -1.000000 -1 -1 -1 -1 1.580625 1.700325 4.273141 -6.627037 1.427337 37.796265 0.710867 56.297005
37 2 Car 0 0 -1.000000 -1 -1 -1 -1 1.481849 1.657029 4.251634 -5.953979 1.408047 36.280535 0.656637 51.321384
37 1 Car 0 0 -1.000000 -1 -1 -1 -1 1.554924 1.592637 3.479353 11.488394 1.328682 35.834296 2.861551 53.336513
38 3 Pedestrian 0 0 -1.000000 -1 -1 -1 -1 1.757685 0.539496 0.786612 7.263407 2.132359 19.217337 1.788679 0.009408
38 2 Car 0 0 -1.000000 -1 -1 -1 -1 1.586239 1.695354 4.276828 -5.275555 1.372973 34.949908 0.638263 30.353354
38 1 Car 0 0 -1.000000 -1 -1 -1 -1 1.561232 1.589488 3.413515 12.747733 1.349647 35.025717 2.865763 46.500171
38 4 Car 0 0 -1.000000 -1 -1 -1 -1 1.560548 1.604388 3.667455 19.036366 0.976715 39.490833 1.202866 0.017558
39 2 Car 0 0 -1.000000 -1 -1 -1 -1 1.587916 1.690981 4.208745 -4.416640 1.432686 33.562510 0.561790 56.648546
39 1 Car 0 0 -1.000000 -1 -1 -1 -1 1.542572 1.580845 3.417883 14.068583 1.318728 34.285756 2.869007 49.787252
40 5 Pedestrian 0 0 -1.000000 -1 -1 -1 -1 1.676325 0.490640 0.539593 7.320360 2.000820 17.171680 1.740749 0.462028
40 2 Car 0 0 -1.000000 -1 -1 -1 -1 1.638585 1.738929 4.427999 -3.668305 1.409314 32.244174 0.552304 47.959078
40 1 Car 0 0 -1.000000 -1 -1 -1 -1 1.538403 1.581831 3.431614 15.351106 1.257849 33.572873 2.855605 56.247141
41 5 Pedestrian 0 0 -1.000000 -1 -1 -1 -1 1.741857 0.593218 0.639677 7.375852 2.132941 16.177566 1.778190 0.552759
41 2 Car 0 0 -1.000000 -1 -1 -1 -1 1.676601 1.782947 4.652066 -2.906681 1.397656 30.941063 0.493154 57.917345
41 1 Car 0 0 -1.000000 -1 -1 -1 -1 1.574848 1.601375 3.481565 16.619158 1.159687 32.826954 2.863341 67.356735
42 2 Car 0 0 -1.000000 -1 -1 -1 -1 1.671504 1.759466 4.472823 -2.128483 1.320903 29.660843 0.437599 60.746937
42 1 Car 0 0 -1.000000 -1 -1 -1 -1 1.574123 1.585689 3.359368 17.864557 1.130600 32.188869 2.849477 70.806367
43 2 Car 0 0 -1.000000 -1 -1 -1 -1 1.618537 1.725543 4.320108 -1.330862 1.293872 28.404175 0.413223 55.765674
43 1 Car 0 0 -1.000000 -1 -1 -1 -1 1.573101 1.588749 3.390024 19.154614 1.080807 31.599225 2.838037 54.585433
44 2 Car 0 0 -1.000000 -1 -1 -1 -1 1.704493 1.739978 4.372842 -0.709245 1.324936 27.199653 0.350288 67.632837
44 1 Car 0 0 -1.000000 -1 -1 -1 -1 1.556924 1.591380 3.475580 20.434159 1.049644 31.057394 2.847804 56.850249
45 2 Car 0 0 -1.000000 -1 -1 -1 -1 1.743721 1.780032 4.559261 -0.187563 1.298126 26.094539 0.269286 80.172740
45 1 Car 0 0 -1.000000 -1 -1 -1 -1 1.588214 1.617353 3.555008 21.667874 0.960600 30.620877 2.832998 53.804174
46 2 Car 0 0 -1.000000 -1 -1 -1 -1 1.742205 1.772683 4.530467 0.431138 1.292932 24.986058 0.240764 111.854992
46 1 Car 0 0 -1.000000 -1 -1 -1 -1 1.565239 1.594981 3.461668 22.651991 0.885355 30.204466 2.824000 46.542317
47 2 Car 0 0 -1.000000 -1 -1 -1 -1 1.731541 1.764399 4.482577 0.949397 1.251180 23.914690 0.191338 128.695024
47 1 Car 0 0 -1.000000 -1 -1 -1 -1 1.570049 1.606035 3.512887 23.792731 0.822432 29.958035 2.837583 58.308597
48 2 Car 0 0 -1.000000 -1 -1 -1 -1 1.759056 1.766211 4.482898 1.440844 1.206676 22.968762 0.121677 127.924282
48 1 Car 0 0 -1.000000 -1 -1 -1 -1 1.542702 1.590845 3.484092 24.774246 0.701344 29.813834 2.791161 40.767109
49 2 Car 0 0 -1.000000 -1 -1 -1 -1 1.732005 1.757084 4.470338 1.895039 1.158606 22.061451 0.068504 123.985726
49 1 Car 0 0 -1.000000 -1 -1 -1 -1 1.542702 1.590845 3.484092 25.542743 0.599062 29.531455 2.779624 40.767109
50 2 Car 0 0 -1.000000 -1 -1 -1 -1 1.764863 1.753321 4.394184 2.340068 1.194007 21.320239 0.118403 136.224603
50 1 Car 0 0 -1.000000 -1 -1 -1 -1 1.542702 1.590845 3.484092 26.238139 0.507779 29.352750 2.765420 40.767109
51 2 Car 0 0 -1.000000 -1 -1 -1 -1 1.723280 1.737269 4.382679 2.767404 1.168843 20.557820 0.306004 123.716236
52 2 Car 0 0 -1.000000 -1 -1 -1 -1 1.687399 1.737317 4.392363 3.132295 1.124311 19.913647 0.743448 108.708893
53 2 Car 0 0 -1.000000 -1 -1 -1 -1 1.691612 1.758148 4.507569 3.550962 1.086379 19.363748 1.689110 115.397345
54 2 Car 0 0 -1.000000 -1 -1 -1 -1 1.765435 1.761152 4.456150 3.901671 1.025085 18.866451 2.824961 124.056595
55 2 Car 0 0 -1.000000 -1 -1 -1 -1 1.630485 1.736382 4.427284 4.340756 0.920543 18.407321 2.766378 131.413071
56 2 Car 0 0 -1.000000 -1 -1 -1 -1 1.661298 1.721320 4.348384 4.628999 0.909946 17.996966 2.697422 120.046981
57 2 Car 0 0 -1.000000 -1 -1 -1 -1 1.707384 1.731521 4.368996 4.970670 0.881307 17.696208 2.648427 133.790802
58 2 Car 0 0 -1.000000 -1 -1 -1 -1 1.694318 1.733087 4.408087 5.294198 0.830322 17.446852 2.597035 124.131295
59 2 Car 0 0 -1.000000 -1 -1 -1 -1 1.653335 1.709563 4.337409 5.566246 0.775764 17.226696 2.561453 122.434905
60 2 Car 0 0 -1.000000 -1 -1 -1 -1 1.649515 1.712861 4.341719 5.812709 0.740217 17.101974 2.521743 118.419380
61 2 Car 0 0 -1.000000 -1 -1 -1 -1 1.624922 1.718370 4.376790 6.038367 0.710588 17.019722 2.477640 119.107862
62 2 Car 0 0 -1.000000 -1 -1 -1 -1 1.625847 1.703415 4.283019 6.157964 0.715996 16.978801 2.430511 109.894049
62 6 Car 0 0 -1.000000 -1 -1 -1 -1 1.507383 1.651223 4.058039 20.848484 -1.141375 39.580467 -0.650164 9.746095
63 2 Car 0 0 -1.000000 -1 -1 -1 -1 1.622759 1.716648 4.352284 6.335686 0.712626 17.010336 2.391910 77.069668
63 6 Car 0 0 -1.000000 -1 -1 -1 -1 1.533297 1.639044 3.903887 18.265531 -0.916742 38.516571 -0.616025 16.597228
64 2 Car 0 0 -1.000000 -1 -1 -1 -1 1.574058 1.702545 4.261790 6.403990 0.723366 17.058446 2.338678 80.589939
64 6 Car 0 0 -1.000000 -1 -1 -1 -1 1.533297 1.639044 3.903887 15.709737 -0.717932 37.330759 -0.650035 16.597228
65 2 Car 0 0 -1.000000 -1 -1 -1 -1 1.614788 1.715213 4.167410 6.445317 0.783489 17.181778 2.300130 117.103943
65 7 Car 0 0 -1.000000 -1 -1 -1 -1 1.451718 1.651648 3.760292 31.494560 -1.333491 42.846280 2.289028 2.422030
66 2 Car 0 0 -1.000000 -1 -1 -1 -1 1.602727 1.722065 4.276367 6.520753 0.864886 17.383635 2.265921 112.233254
66 6 Car 0 0 -1.000000 -1 -1 -1 -1 1.422320 1.616222 3.969095 10.792969 0.001768 35.183249 5.382734 1.357836
66 7 Car 0 0 -1.000000 -1 -1 -1 -1 1.432124 1.634547 3.705389 30.877589 -1.091965 44.416839 2.229485 5.078672
67 2 Car 0 0 -1.000000 -1 -1 -1 -1 1.615748 1.734880 4.212226 6.497394 0.925212 17.560403 2.230958 105.111463
67 6 Car 0 0 -1.000000 -1 -1 -1 -1 1.470112 1.607987 3.894929 8.656500 0.294209 33.586923 -0.677463 19.812985
67 7 Car 0 0 -1.000000 -1 -1 -1 -1 1.468518 1.641502 3.559978 30.381336 -1.014205 45.856634 2.233961 10.091900
68 2 Car 0 0 -1.000000 -1 -1 -1 -1 1.628201 1.744717 4.295324 6.486229 1.025239 17.840432 2.202769 117.777114
68 6 Car 0 0 -1.000000 -1 -1 -1 -1 1.542366 1.576533 3.485903 6.542257 0.567098 31.981794 7.058587 4.783190
68 7 Car 0 0 -1.000000 -1 -1 -1 -1 1.447601 1.633633 3.563762 29.639003 -0.770675 47.556446 2.115205 5.260311
69 2 Car 0 0 -1.000000 -1 -1 -1 -1 1.621185 1.752954 4.338306 6.399117 1.139523 18.142755 2.153970 115.604120
69 6 Car 0 0 -1.000000 -1 -1 -1 -1 1.454591 1.559828 3.479752 4.298133 0.963253 30.540365 -0.791875 28.969561
69 7 Car 0 0 -1.000000 -1 -1 -1 -1 1.346616 1.633119 3.583726 28.707714 -0.306756 48.966930 2.162493 3.545933
70 2 Car 0 0 -1.000000 -1 -1 -1 -1 1.581481 1.743346 4.278344 6.313910 1.270179 18.440386 2.121822 90.553799
70 6 Car 0 0 -1.000000 -1 -1 -1 -1 1.495768 1.578978 3.450462 2.251537 1.270795 28.888504 5.384855 54.513439
70 7 Car 0 0 -1.000000 -1 -1 -1 -1 1.499933 1.646528 3.819442 27.660572 0.195253 50.794205 2.114235 6.124620
71 2 Car 0 0 -1.000000 -1 -1 -1 -1 1.586505 1.730216 4.218639 6.165403 1.346644 18.777238 2.097305 103.964180
71 6 Car 0 0 -1.000000 -1 -1 -1 -1 1.494603 1.575595 3.538973 0.450298 1.437519 27.236003 5.366882 57.549818
71 7 Car 0 0 -1.000000 -1 -1 -1 -1 1.471863 1.622485 3.210891 26.631663 0.440736 52.202875 2.096110 6.234607
72 2 Car 0 0 -1.000000 -1 -1 -1 -1 1.633462 1.725928 4.307747 5.996487 1.393689 19.167923 2.064748 90.067828
72 6 Car 0 0 -1.000000 -1 -1 -1 -1 1.473979 1.563347 3.478277 -1.274691 1.574604 25.423069 5.364385 85.849645
72 7 Car 0 0 -1.000000 -1 -1 -1 -1 1.333267 1.633884 3.626320 25.248795 0.471438 53.850624 2.081904 2.893557
73 2 Car 0 0 -1.000000 -1 -1 -1 -1 1.606632 1.736518 4.301007 5.744858 1.402509 19.573225 2.029880 102.203027
73 6 Car 0 0 -1.000000 -1 -1 -1 -1 1.519776 1.572516 3.471686 -2.882771 1.701435 23.589661 5.317531 106.868429
73 7 Car 0 0 -1.000000 -1 -1 -1 -1 1.417230 1.628708 3.553505 23.960666 0.621953 55.763021 2.016074 8.447771
74 2 Car 0 0 -1.000000 -1 -1 -1 -1 1.616108 1.740555 4.323429 5.426542 1.433947 19.997143 1.998207 101.371191
74 6 Car 0 0 -1.000000 -1 -1 -1 -1 1.485142 1.559167 3.484094 -4.399181 1.777437 21.713173 5.268000 98.554645
74 7 Car 0 0 -1.000000 -1 -1 -1 -1 1.490975 1.650287 3.773166 22.402933 0.930020 57.361194 1.956359 5.166095
75 6 Car 0 0 -1.000000 -1 -1 -1 -1 1.475980 1.557671 3.441827 -5.783486 1.798396 19.789705 5.245125 125.594432
75 2 Car 0 0 -1.000000 -1 -1 -1 -1 1.630439 1.735127 4.261890 5.089652 1.491474 20.382511 1.960331 76.788120
75 7 Car 0 0 -1.000000 -1 -1 -1 -1 1.433976 1.696294 3.774587 20.854190 1.047970 58.901762 1.955452 4.262655
76 6 Car 0 0 -1.000000 -1 -1 -1 -1 1.491421 1.558313 3.453470 -7.010647 1.801740 17.828594 5.204288 109.915850
76 2 Car 0 0 -1.000000 -1 -1 -1 -1 1.637502 1.762069 4.334126 4.705848 1.492832 20.879222 1.902494 82.064396
76 7 Car 0 0 -1.000000 -1 -1 -1 -1 1.424688 1.686559 3.736827 18.979506 1.142962 60.445632 1.844812 2.950892
77 6 Car 0 0 -1.000000 -1 -1 -1 -1 1.506877 1.555812 3.438884 -8.070593 1.835423 15.818960 5.184212 117.446279
77 2 Car 0 0 -1.000000 -1 -1 -1 -1 1.618302 1.751906 4.219640 4.208753 1.408277 21.288027 1.859162 60.899745
77 7 Car 0 0 -1.000000 -1 -1 -1 -1 1.501348 1.708001 3.743222 17.115977 1.078524 62.009729 1.806654 5.934682
78 6 Car 0 0 -1.000000 -1 -1 -1 -1 1.513249 1.577396 3.431438 -9.042247 1.811639 13.809950 5.135549 115.728430
78 2 Car 0 0 -1.000000 -1 -1 -1 -1 1.672949 1.777289 4.280587 3.834330 1.401897 21.788000 1.829219 86.041866
78 7 Car 0 0 -1.000000 -1 -1 -1 -1 1.575208 1.677966 3.552994 15.325196 1.065713 63.510861 1.780019 5.865062
79 6 Car 0 0 -1.000000 -1 -1 -1 -1 1.513249 1.577396 3.431438 -9.961327 1.788452 11.532346 5.099602 115.728430
79 2 Car 0 0 -1.000000 -1 -1 -1 -1 1.613633 1.753045 4.101629 3.364642 1.371188 22.167197 1.821341 76.582379
79 7 Car 0 0 -1.000000 -1 -1 -1 -1 1.543583 1.665996 3.750968 13.620611 1.025996 65.005342 1.781727 5.443203
80 2 Car 0 0 -1.000000 -1 -1 -1 -1 1.616089 1.778921 3.958876 2.865500 1.403119 22.558996 1.783067 79.494612
80 7 Car 0 0 -1.000000 -1 -1 -1 -1 1.358965 1.626526 3.683022 11.747301 1.116714 65.897322 1.704878 2.927488
81 2 Car 0 0 -1.000000 -1 -1 -1 -1 1.614275 1.772831 4.046460 2.437287 1.432423 23.016305 1.766348 75.991136
81 7 Car 0 0 -1.000000 -1 -1 -1 -1 1.509540 1.663895 3.838992 9.665444 1.236201 67.342195 1.545522 2.540677
82 2 Car 0 0 -1.000000 -1 -1 -1 -1 1.593781 1.754415 3.973571 1.960261 1.456578 23.389157 1.745155 67.436256
82 7 Car 0 0 -1.000000 -1 -1 -1 -1 1.460303 1.660231 3.714204 8.197043 1.347078 68.413695 1.630596 4.999458
83 2 Car 0 0 -1.000000 -1 -1 -1 -1 1.627001 1.769883 4.116934 1.511130 1.535288 23.892301 1.684633 69.055465
84 2 Car 0 0 -1.000000 -1 -1 -1 -1 1.665963 1.755134 3.741120 1.062633 1.580278 24.184150 1.665311 58.240705
84 7 Car 0 0 -1.000000 -1 -1 -1 -1 1.438279 1.565432 3.559693 5.471433 1.756988 70.506904 1.698078 0.606752
85 2 Car 0 0 -1.000000 -1 -1 -1 -1 1.672074 1.751934 4.087062 0.714203 1.620811 24.688580 1.661702 68.216766
86 2 Car 0 0 -1.000000 -1 -1 -1 -1 1.627916 1.778628 3.848226 0.303903 1.689043 24.984339 1.631258 59.479420
87 2 Car 0 0 -1.000000 -1 -1 -1 -1 1.609609 1.804678 3.778421 -0.053763 1.708369 25.383645 1.610545 61.193371
88 2 Car 0 0 -1.000000 -1 -1 -1 -1 1.574086 1.782429 3.882243 -0.278440 1.702990 25.811783 1.613348 45.273434
89 2 Car 0 0 -1.000000 -1 -1 -1 -1 1.617913 1.778733 3.686987 -0.446137 1.802142 26.200415 1.617087 36.446865
90 2 Car 0 0 -1.000000 -1 -1 -1 -1 1.673914 1.771207 3.727132 -0.528212 1.862328 26.607474 1.610087 38.222391
91 2 Car 0 0 -1.000000 -1 -1 -1 -1 1.560213 1.775289 3.793001 -0.711819 1.922527 27.002642 1.585768 39.249777
92 2 Car 0 0 -1.000000 -1 -1 -1 -1 1.567081 1.788993 3.656588 -0.753640 1.962856 27.400112 1.593577 41.926433
93 2 Car 0 0 -1.000000 -1 -1 -1 -1 1.585458 1.797917 3.714063 -0.876761 1.969507 27.863465 1.576232 40.561483
94 2 Car 0 0 -1.000000 -1 -1 -1 -1 1.601412 1.777759 3.596426 -0.917154 2.034326 28.304698 1.592896 41.153283
95 2 Car 0 0 -1.000000 -1 -1 -1 -1 1.602109 1.797339 3.655149 -1.051569 2.048454 28.765728 1.571557 36.123973
95 8 Car 0 0 -1.000000 -1 -1 -1 -1 1.496672 1.617871 3.920043 2.301235 2.163665 34.753525 1.810052 0.020036
96 2 Car 0 0 -1.000000 -1 -1 -1 -1 1.591018 1.788716 3.705713 -1.116645 2.082578 29.212655 1.552455 30.773379
97 2 Car 0 0 -1.000000 -1 -1 -1 -1 1.640554 1.784019 3.836593 -1.232568 2.152837 29.764957 1.541129 23.577252
98 2 Car 0 0 -1.000000 -1 -1 -1 -1 1.569287 1.787896 3.746491 -1.292101 2.082842 30.148975 1.577229 43.212267
99 2 Car 0 0 -1.000000 -1 -1 -1 -1 1.594785 1.809268 4.034900 -1.363731 2.087989 30.755518 1.580941 38.534387
100 2 Car 0 0 -1.000000 -1 -1 -1 -1 1.564536 1.797254 4.024465 -1.513707 2.100637 31.203357 1.553494 39.756755
101 2 Car 0 0 -1.000000 -1 -1 -1 -1 1.538596 1.726719 3.761396 -1.556861 2.115945 31.578472 1.546349 27.604924
102 2 Car 0 0 -1.000000 -1 -1 -1 -1 1.482262 1.732831 3.903900 -1.704780 2.020803 32.150461 1.524241 22.406439
103 2 Car 0 0 -1.000000 -1 -1 -1 -1 1.566462 1.798387 3.706003 -1.731839 1.998722 32.608479 1.568345 22.730398
104 2 Car 0 0 -1.000000 -1 -1 -1 -1 1.620785 1.775072 3.834385 -1.810532 2.004120 33.147378 1.551631 39.259238
105 2 Car 0 0 -1.000000 -1 -1 -1 -1 1.648853 1.745100 3.882451 -1.917855 2.051182 33.633065 1.542855 35.868895
106 2 Car 0 0 -1.000000 -1 -1 -1 -1 1.602740 1.743037 3.758044 -1.935310 2.062755 34.036635 1.516851 35.235368
107 2 Car 0 0 -1.000000 -1 -1 -1 -1 1.634434 1.756204 3.813993 -1.958479 2.024027 34.561791 1.520138 37.933302
108 2 Car 0 0 -1.000000 -1 -1 -1 -1 1.682849 1.792729 3.845834 -2.076765 2.061165 35.124323 1.507080 26.432065
109 2 Car 0 0 -1.000000 -1 -1 -1 -1 1.677891 1.752727 4.157969 -2.037447 2.079393 35.724738 1.571046 28.311891
110 2 Car 0 0 -1.000000 -1 -1 -1 -1 1.710324 1.761624 3.892830 -2.101421 2.110771 36.124858 1.510849 48.086712
111 2 Car 0 0 -1.000000 -1 -1 -1 -1 1.678948 1.777572 3.970608 -2.141427 2.086265 36.603803 1.509807 25.992668
112 2 Car 0 0 -1.000000 -1 -1 -1 -1 1.637461 1.782790 3.912782 -2.125293 2.078445 37.102538 1.513220 20.507096
113 2 Car 0 0 -1.000000 -1 -1 -1 -1 1.599377 1.750211 3.975568 -2.126447 2.049254 37.609346 1.513074 22.396346
114 2 Car 0 0 -1.000000 -1 -1 -1 -1 1.589404 1.728383 3.865926 -2.137209 2.044956 38.087120 1.480852 20.770548
115 2 Car 0 0 -1.000000 -1 -1 -1 -1 1.530490 1.755727 3.757630 -2.098702 2.069284 38.460685 1.540974 33.782063
116 2 Car 0 0 -1.000000 -1 -1 -1 -1 1.544347 1.760283 3.692806 -2.131834 2.067594 38.948871 1.535858 24.916080
117 2 Car 0 0 -1.000000 -1 -1 -1 -1 1.522251 1.778699 3.778837 -2.193770 2.011405 39.471553 1.500541 22.642703
118 2 Car 0 0 -1.000000 -1 -1 -1 -1 1.608622 1.766416 4.086509 -2.175999 1.968612 40.121703 1.517853 21.137561
119 2 Car 0 0 -1.000000 -1 -1 -1 -1 1.601307 1.772853 3.763885 -2.200753 2.003267 40.481562 1.535632 17.004590
120 2 Car 0 0 -1.000000 -1 -1 -1 -1 1.696182 1.706018 3.938193 -2.287782 1.980263 40.996406 1.500866 24.247847
121 2 Car 0 0 -1.000000 -1 -1 -1 -1 1.652723 1.744246 3.970918 -2.338209 1.966728 41.479882 1.497672 23.107876
122 2 Car 0 0 -1.000000 -1 -1 -1 -1 1.623438 1.781588 3.974937 -2.337228 1.936903 41.940007 1.506449 19.749990
123 2 Car 0 0 -1.000000 -1 -1 -1 -1 1.564807 1.771365 3.869399 -2.453156 1.929812 42.345898 1.483679 18.435294
124 2 Car 0 0 -1.000000 -1 -1 -1 -1 1.545375 1.764541 3.927633 -2.489830 1.905137 42.864714 1.512772 14.623608
125 2 Car 0 0 -1.000000 -1 -1 -1 -1 1.598978 1.762775 3.888548 -2.599546 1.952193 43.332592 1.486339 12.438340
126 2 Car 0 0 -1.000000 -1 -1 -1 -1 1.569390 1.752456 3.803296 -2.694710 1.943306 43.746998 1.467929 10.561439
127 2 Car 0 0 -1.000000 -1 -1 -1 -1 1.578855 1.746896 3.898155 -2.837138 1.974763 44.288860 1.461980 16.431072
128 2 Car 0 0 -1.000000 -1 -1 -1 -1 1.488553 1.694369 4.144277 -2.946364 1.934158 44.785028 1.474561 15.881299
129 2 Car 0 0 -1.000000 -1 -1 -1 -1 1.613543 1.720271 3.729569 -3.069286 1.939849 45.123159 1.462635 15.465608
130 2 Car 0 0 -1.000000 -1 -1 -1 -1 1.641130 1.745751 3.664439 -3.206169 1.888724 45.539337 1.477336 15.743859
131 2 Car 0 0 -1.000000 -1 -1 -1 -1 1.598679 1.732480 3.610510 -3.312256 1.905043 45.929468 1.469241 20.619961
132 2 Car 0 0 -1.000000 -1 -1 -1 -1 1.498797 1.700449 3.866981 -3.482049 1.980209 46.467207 1.450326 12.579423
133 2 Car 0 0 -1.000000 -1 -1 -1 -1 1.644390 1.737884 3.925702 -3.429754 2.106667 46.942456 1.491815 15.472443
134 2 Car 0 0 -1.000000 -1 -1 -1 -1 1.645553 1.775474 3.834810 -3.564442 2.097469 47.308065 1.499248 19.955833
135 2 Car 0 0 -1.000000 -1 -1 -1 -1 1.656564 1.751233 4.110198 -3.661091 2.122567 47.868635 1.487510 18.490181
136 2 Car 0 0 -1.000000 -1 -1 -1 -1 1.526923 1.738340 3.961931 -3.758666 2.175673 48.148841 1.508232 13.287047
137 2 Car 0 0 -1.000000 -1 -1 -1 -1 1.655750 1.718488 3.918579 -3.886739 2.159222 48.647354 1.450362 17.233514
138 2 Car 0 0 -1.000000 -1 -1 -1 -1 1.540260 1.713903 3.863863 -3.922374 2.221614 48.980057 1.478204 16.837251
139 2 Car 0 0 -1.000000 -1 -1 -1 -1 1.644125 1.721955 3.733878 -4.013989 2.147835 49.491416 1.423843 17.442555
140 2 Car 0 0 -1.000000 -1 -1 -1 -1 1.606133 1.742864 3.813004 -4.030146 1.996111 49.907110 1.453800 12.796069
141 2 Car 0 0 -1.000000 -1 -1 -1 -1 1.665647 1.767243 3.687395 -3.971009 2.022884 50.330324 1.486611 10.663675
142 2 Car 0 0 -1.000000 -1 -1 -1 -1 1.610690 1.689449 3.541781 -3.995741 1.878167 50.654730 1.464182 15.141691
143 2 Car 0 0 -1.000000 -1 -1 -1 -1 1.571578 1.717493 3.529258 -3.979239 1.855966 51.060188 1.452923 13.348240
144 2 Car 0 0 -1.000000 -1 -1 -1 -1 1.425356 1.723702 3.693785 -3.997141 1.792413 51.422449 1.448381 8.390625
145 2 Car 0 0 -1.000000 -1 -1 -1 -1 1.531951 1.691425 3.575480 -4.011960 1.807029 51.919948 1.454431 14.706000
146 2 Car 0 0 -1.000000 -1 -1 -1 -1 1.533972 1.689457 3.494589 -4.020199 1.847014 52.325156 1.447299 15.279182
147 2 Car 0 0 -1.000000 -1 -1 -1 -1 1.588792 1.726218 3.572523 -4.029057 1.877691 52.858477 1.447413 15.598299
148 2 Car 0 0 -1.000000 -1 -1 -1 -1 1.597774 1.699919 3.547276 -4.049565 1.876557 53.280535 1.433679 15.058717
149 2 Car 0 0 -1.000000 -1 -1 -1 -1 1.556804 1.698436 3.627909 -4.063950 1.942223 53.702979 1.471632 13.001217
150 2 Car 0 0 -1.000000 -1 -1 -1 -1 1.529705 1.674957 3.633194 -4.232215 1.964764 54.166470 1.428734 11.126936
151 2 Car 0 0 -1.000000 -1 -1 -1 -1 1.546864 1.673837 3.748434 -4.311091 1.979846 54.688485 1.440203 8.718684
152 2 Car 0 0 -1.000000 -1 -1 -1 -1 1.558523 1.720968 3.760517 -4.486527 1.951798 55.135683 1.423597 8.256951
153 2 Car 0 0 -1.000000 -1 -1 -1 -1 1.610339 1.754700 3.949898 -4.610954 2.132701 55.768560 1.424781 7.517140
154 2 Car 0 0 -1.000000 -1 -1 -1 -1 1.588251 1.748731 3.868070 -4.708095 2.167190 56.193461 1.410404 7.959181
155 2 Car 0 0 -1.000000 -1 -1 -1 -1 1.560659 1.698655 3.425367 -4.847128 2.031818 56.402052 1.417637 7.468718
156 2 Car 0 0 -1.000000 -1 -1 -1 -1 1.550021 1.734430 3.502165 -4.913309 2.021576 56.870135 1.460182 10.357594
157 2 Car 0 0 -1.000000 -1 -1 -1 -1 1.549742 1.724087 3.484538 -5.038514 1.993708 57.336579 1.395298 6.734879
158 2 Car 0 0 -1.000000 -1 -1 -1 -1 1.613889 1.740368 3.785414 -5.073688 1.842924 58.015748 1.453728 9.807861
159 2 Car 0 0 -1.000000 -1 -1 -1 -1 1.561984 1.699088 3.554685 -5.126777 1.694837 58.320263 1.373408 4.959011
160 2 Car 0 0 -1.000000 -1 -1 -1 -1 1.544059 1.700270 3.553327 -5.117588 1.699756 58.763406 1.484816 6.049533
161 2 Car 0 0 -1.000000 -1 -1 -1 -1 1.530982 1.756833 3.749965 -5.055882 1.653450 59.272727 1.468334 4.627256
162 2 Car 0 0 -1.000000 -1 -1 -1 -1 1.502256 1.743477 3.678367 -5.071577 1.607818 59.731089 1.426709 3.356769
163 2 Car 0 0 -1.000000 -1 -1 -1 -1 1.495478 1.687503 3.536482 -4.999760 1.662285 60.181794 1.457010 3.034283
164 2 Car 0 0 -1.000000 -1 -1 -1 -1 1.548987 1.669539 3.636867 -4.930394 1.738160 60.817724 1.426237 6.474031
165 2 Car 0 0 -1.000000 -1 -1 -1 -1 1.567457 1.677730 3.591106 -4.847534 1.772329 61.322440 1.415048 7.095096
166 2 Car 0 0 -1.000000 -1 -1 -1 -1 1.526086 1.712098 3.635540 -4.691324 1.695570 61.784445 1.471668 3.072539
167 2 Car 0 0 -1.000000 -1 -1 -1 -1 1.492501 1.687110 3.636669 -4.715122 1.673238 62.244621 1.444812 3.311424
168 2 Car 0 0 -1.000000 -1 -1 -1 -1 1.554593 1.676610 3.571834 -4.602288 1.863684 62.825180 1.444145 5.900291
169 2 Car 0 0 -1.000000 -1 -1 -1 -1 1.551658 1.655655 3.657083 -4.675126 1.846356 63.340037 1.442744 4.422866
170 2 Car 0 0 -1.000000 -1 -1 -1 -1 1.516251 1.716405 3.682810 -4.641085 1.794711 63.741476 1.485618 5.132933
171 2 Car 0 0 -1.000000 -1 -1 -1 -1 1.453349 1.763218 3.746753 -4.716779 1.722937 64.212462 1.493396 6.573923
172 2 Car 0 0 -1.000000 -1 -1 -1 -1 1.474146 1.798407 3.763921 -4.853294 1.769820 64.736051 1.401330 5.173821
173 2 Car 0 0 -1.000000 -1 -1 -1 -1 1.497834 1.746356 3.608366 -4.885251 1.787481 65.261509 1.391868 5.359020
174 2 Car 0 0 -1.000000 -1 -1 -1 -1 1.638199 1.749164 3.564924 -4.921157 1.817741 65.867146 1.402545 6.607484
175 2 Car 0 0 -1.000000 -1 -1 -1 -1 1.636195 1.744248 3.569623 -4.957242 1.813428 66.342385 1.468881 6.438985
176 2 Car 0 0 -1.000000 -1 -1 -1 -1 1.542202 1.758195 3.830960 -5.060161 1.881412 66.883428 1.450284 4.539915
177 2 Car 0 0 -1.000000 -1 -1 -1 -1 1.483130 1.724190 3.808360 -4.898658 1.801353 67.294334 1.468231 3.936925
178 2 Car 0 0 -1.000000 -1 -1 -1 -1 1.477238 1.692638 3.747504 -4.966873 1.829716 67.756523 1.492588 2.990059
179 2 Car 0 0 -1.000000 -1 -1 -1 -1 1.495862 1.716854 3.793615 -4.884730 1.836852 68.310218 1.461846 4.784449
180 2 Car 0 0 -1.000000 -1 -1 -1 -1 1.510628 1.696070 3.903450 -4.855922 1.852057 68.886296 1.483818 3.317322
181 2 Car 0 0 -1.000000 -1 -1 -1 -1 1.491924 1.692677 3.829588 -4.734398 1.886134 69.337246 1.503504 3.468488
182 2 Car 0 0 -1.000000 -1 -1 -1 -1 1.537483 1.765481 3.772796 -4.647389 1.888926 69.900466 1.526118 3.159925
183 2 Car 0 0 -1.000000 -1 -1 -1 -1 1.537483 1.765481 3.772796 -4.377140 1.756631 68.140793 1.529889 3.159925
184 2 Car 0 0 -1.000000 -1 -1 -1 -1 1.622673 1.701267 3.702941 -4.491203 1.848245 70.996866 1.480859 2.410141
185 2 Car 0 0 -1.000000 -1 -1 -1 -1 1.482789 1.708311 3.750397 -4.406114 1.837556 71.346963 1.411253 3.114944
186 2 Car 0 0 -1.000000 -1 -1 -1 -1 1.422910 1.686777 3.629948 -4.214063 1.832951 71.733730 1.629728 2.202528
187 2 Car 0 0 -1.000000 -1 -1 -1 -1 1.457592 1.702887 3.654432 -4.006964 1.935634 72.370246 1.612774 0.693013
188 2 Car 0 0 -1.000000 -1 -1 -1 -1 1.514906 1.747286 3.613688 -3.902549 1.982823 72.852739 1.439907 2.655830
189 2 Car 0 0 -1.000000 -1 -1 -1 -1 1.543473 1.764517 3.654220 -3.506027 1.980501 73.384395 1.541499 2.925068
190 2 Car 0 0 -1.000000 -1 -1 -1 -1 1.458302 1.770821 3.830740 -3.281843 1.881015 73.869922 1.469167 3.630108
191 2 Car 0 0 -1.000000 -1 -1 -1 -1 1.474139 1.700314 3.784280 -2.927124 1.954189 74.378414 1.498591 1.779289
192 2 Car 0 0 -1.000000 -1 -1 -1 -1 1.436063 1.732078 3.856264 -2.751264 1.915426 74.868410 1.562578 0.290867
193 2 Car 0 0 -1.000000 -1 -1 -1 -1 1.514999 1.729472 3.776917 -2.576670 1.963672 75.404633 1.510063 1.168268
194 2 Car 0 0 -1.000000 -1 -1 -1 -1 1.595771 1.760694 3.611360 -2.351149 2.104351 75.921193 1.608104 1.501459
195 2 Car 0 0 -1.000000 -1 -1 -1 -1 1.524098 1.727351 3.444284 -2.154080 2.078141 76.339197 1.579988 0.585689
196 2 Car 0 0 -1.000000 -1 -1 -1 -1 1.528612 1.708323 3.659365 -1.898457 1.991862 76.880707 1.665465 1.210564
197 2 Car 0 0 -1.000000 -1 -1 -1 -1 1.494451 1.769889 3.764265 -1.482685 1.960161 77.325015 1.657995 3.050722
198 2 Car 0 0 -1.000000 -1 -1 -1 -1 1.491218 1.739038 3.784175 -1.317232 2.004418 77.907775 1.665498 3.109980
199 2 Car 0 0 -1.000000 -1 -1 -1 -1 1.497412 1.768698 3.877138 -1.081910 1.952576 78.442270 1.673773 2.215541
200 2 Car 0 0 -1.000000 -1 -1 -1 -1 1.538985 1.755258 3.718957 -0.965007 2.085452 78.989556 1.608450 2.504881
201 2 Car 0 0 -1.000000 -1 -1 -1 -1 1.517869 1.724508 3.681467 -0.708127 2.018485 79.401279 1.545685 1.262169
204 2 Car 0 0 -1.000000 -1 -1 -1 -1 1.517869 1.724508 3.681467 -0.234875 1.845503 74.154134 1.551481 2.524337
214 10 Pedestrian 0 0 -1.000000 -1 -1 -1 -1 1.752313 0.627909 0.579375 -9.633118 1.391939 19.386703 1.576546 0.008604
215 10 Pedestrian 0 0 -1.000000 -1 -1 -1 -1 1.781883 0.611259 0.521859 -9.623481 1.350842 17.798678 1.575817 0.838975
216 10 Pedestrian 0 0 -1.000000 -1 -1 -1 -1 1.757982 0.612344 0.579624 -9.602513 1.520242 16.164679 1.641995 0.075056
217 11 Pedestrian 0 0 -1.000000 -1 -1 -1 -1 1.825535 0.652352 0.579420 -9.265451 1.361691 24.395802 1.331500 0.040942
221 15 Car 0 0 -1.000000 -1 -1 -1 -1 1.513753 1.654462 3.860701 -1.343229 1.597620 78.959550 1.733342 0.072255
222 16 Car 0 0 -1.000000 -1 -1 -1 -1 1.554370 1.638384 4.130521 -8.051033 1.769464 68.943750 0.673623 0.269570
223 16 Car 0 0 -1.000000 -1 -1 -1 -1 1.554370 1.638384 4.130521 -7.962157 1.957143 67.310921 0.675137 0.269570
224 18 Car 0 0 -1.000000 -1 -1 -1 -1 1.542106 1.633670 3.765453 -1.762690 1.790505 69.320946 1.651353 0.247991
224 16 Car 0 0 -1.000000 -1 -1 -1 -1 1.554370 1.638384 4.130521 -7.894245 2.089399 65.666184 0.676447 0.269570
225 16 Car 0 0 -1.000000 -1 -1 -1 -1 1.571858 1.632458 3.781475 -7.223981 1.864003 64.208380 0.901218 3.622308
225 18 Car 0 0 -1.000000 -1 -1 -1 -1 1.455343 1.622336 3.973144 -2.237696 1.786870 66.045422 1.412398 0.669092
226 16 Car 0 0 -1.000000 -1 -1 -1 -1 1.571858 1.632458 3.781475 -7.163303 1.934805 62.569995 0.902868 3.622308
226 18 Car 0 0 -1.000000 -1 -1 -1 -1 1.455343 1.622336 3.973144 -2.175267 1.833009 64.401070 1.414048 0.669092
227 18 Car 0 0 -1.000000 -1 -1 -1 -1 1.428866 1.657444 3.756032 -2.291560 1.823665 59.660416 1.588662 8.828221
227 16 Car 0 0 -1.000000 -1 -1 -1 -1 1.571858 1.632458 3.781475 -6.792778 1.849028 61.014947 0.904275 3.622308
228 18 Car 0 0 -1.000000 -1 -1 -1 -1 1.520564 1.664328 3.701639 -2.260088 1.677165 56.499762 1.837847 4.125580
228 16 Car 0 0 -1.000000 -1 -1 -1 -1 1.546754 1.672496 4.110825 -7.285745 1.797058 59.418474 0.714361 3.502192
229 18 Car 0 0 -1.000000 -1 -1 -1 -1 1.532067 1.733699 3.792627 -2.618060 1.582826 53.308330 1.525797 6.485580
229 16 Car 0 0 -1.000000 -1 -1 -1 -1 1.535967 1.648358 3.922466 -7.231576 1.681884 57.786931 0.875322 1.535465
230 18 Car 0 0 -1.000000 -1 -1 -1 -1 1.550073 1.697613 3.734857 -2.770632 1.437394 50.220525 1.516664 12.056188
230 16 Car 0 0 -1.000000 -1 -1 -1 -1 1.535967 1.648358 3.922466 -7.219160 1.466560 56.222078 0.875931 1.535465
230 20 Car 0 0 -1.000000 -1 -1 -1 -1 1.455582 1.625288 4.279357 0.327119 1.394569 70.101616 1.825187 1.720171
231 19 Pedestrian 0 0 -1.000000 -1 -1 -1 -1 1.712308 0.553897 0.712049 -10.731085 1.279294 16.391363 1.388549 0.010493
231 18 Car 0 0 -1.000000 -1 -1 -1 -1 1.516765 1.638375 3.732151 -2.844732 1.454304 47.144608 1.548613 19.372819
231 16 Car 0 0 -1.000000 -1 -1 -1 -1 1.532845 1.649241 4.118208 -7.089061 1.639267 54.858844 0.861274 2.473899
231 20 Car 0 0 -1.000000 -1 -1 -1 -1 1.455582 1.625288 4.279357 0.367004 1.305758 68.511795 1.825680 1.720171
232 19 Pedestrian 0 0 -1.000000 -1 -1 -1 -1 1.721220 0.554237 0.634039 -10.771398 1.240477 14.862026 1.207026 1.716053
232 18 Car 0 0 -1.000000 -1 -1 -1 -1 1.492608 1.613896 3.689927 -2.900318 1.469674 44.001898 1.615095 23.309416
232 16 Car 0 0 -1.000000 -1 -1 -1 -1 1.561160 1.687444 4.197586 -7.237591 1.633946 53.212572 0.727032 5.307590
232 20 Car 0 0 -1.000000 -1 -1 -1 -1 1.455582 1.625288 4.279357 0.387712 1.313977 66.902336 1.825963 1.720171
233 18 Car 0 0 -1.000000 -1 -1 -1 -1 1.523196 1.619728 3.756134 -2.988249 1.580524 40.946135 1.643072 36.759612
233 16 Car 0 0 -1.000000 -1 -1 -1 -1 1.566420 1.666695 4.004181 -7.322090 1.602229 51.601414 0.713030 9.562426
233 21 Car 0 0 -1.000000 -1 -1 -1 -1 1.475972 1.689634 3.875589 -0.457996 1.528471 60.344410 1.731577 4.411963
234 18 Car 0 0 -1.000000 -1 -1 -1 -1 1.452812 1.601035 3.623262 -3.044612 1.598959 37.754668 1.630505 45.274552
234 16 Car 0 0 -1.000000 -1 -1 -1 -1 1.554461 1.658564 3.993434 -7.256319 1.713242 50.174442 0.696448 15.484591
234 21 Car 0 0 -1.000000 -1 -1 -1 -1 1.526071 1.649148 3.740899 -0.621438 1.498988 57.135679 1.737792 7.394731
235 18 Car 0 0 -1.000000 -1 -1 -1 -1 1.456570 1.628420 3.682845 -3.181994 1.615343 34.700280 1.629577 51.529885
235 16 Car 0 0 -1.000000 -1 -1 -1 -1 1.581040 1.684085 4.111688 -7.034082 1.775231 48.836176 0.891303 8.009695
235 21 Car 0 0 -1.000000 -1 -1 -1 -1 1.495662 1.612122 3.775872 -0.977001 1.561564 54.151051 1.644488 5.614567
235 22 Car 0 0 -1.000000 -1 -1 -1 -1 1.444454 1.606261 3.884793 2.488278 1.524765 74.146576 1.987029 0.041286
236 18 Car 0 0 -1.000000 -1 -1 -1 -1 1.472757 1.578786 3.454271 -3.261806 1.632763 31.596468 1.610172 58.152772
236 16 Car 0 0 -1.000000 -1 -1 -1 -1 1.585574 1.674505 4.079552 -7.460346 1.833592 47.452826 0.614759 1.529944
236 21 Car 0 0 -1.000000 -1 -1 -1 -1 1.544987 1.643139 3.833848 -1.091646 1.546004 51.045695 1.748790 17.462248
236 23 Car 0 0 -1.000000 -1 -1 -1 -1 1.478485 1.627108 4.115809 -12.719488 1.972461 52.209244 0.906430 1.268666
236 22 Car 0 0 -1.000000 -1 -1 -1 -1 1.509685 1.680486 3.902447 2.078158 1.570301 71.151071 1.784898 1.482086
237 18 Car 0 0 -1.000000 -1 -1 -1 -1 1.437358 1.579312 3.528241 -3.320737 1.640171 28.574870 1.620299 58.461398
237 16 Car 0 0 -1.000000 -1 -1 -1 -1 1.821865 1.716765 4.199385 -7.255921 1.795655 45.860085 0.701949 5.759561
237 21 Car 0 0 -1.000000 -1 -1 -1 -1 1.669748 1.696241 4.124711 -1.186665 1.568729 48.090770 1.695257 18.542982
237 23 Car 0 0 -1.000000 -1 -1 -1 -1 1.478591 1.665021 4.248471 -12.874288 1.951414 50.613953 0.584258 6.691462
237 22 Car 0 0 -1.000000 -1 -1 -1 -1 1.492278 1.701370 3.989794 1.851501 1.636208 68.401870 1.858369 0.577812
238 18 Car 0 0 -1.000000 -1 -1 -1 -1 1.415536 1.571318 3.451222 -3.392249 1.644562 25.533781 1.600923 62.921209
238 16 Car 0 0 -1.000000 -1 -1 -1 -1 1.781064 1.696153 4.095351 -7.338523 1.840367 44.205491 0.865059 8.994723
238 21 Car 0 0 -1.000000 -1 -1 -1 -1 1.520274 1.712683 4.109497 -1.386168 1.540382 45.099916 1.732863 19.935049
238 23 Car 0 0 -1.000000 -1 -1 -1 -1 1.496353 1.651908 4.138894 -12.829918 1.918573 49.085076 0.594846 8.664437
238 22 Car 0 0 -1.000000 -1 -1 -1 -1 1.450246 1.643085 3.763823 1.444898 1.659661 65.138656 1.759618 2.653765
239 18 Car 0 0 -1.000000 -1 -1 -1 -1 1.468668 1.595978 3.477850 -3.416195 1.669597 22.502773 1.618955 79.596191
239 21 Car 0 0 -1.000000 -1 -1 -1 -1 1.511053 1.677405 3.792451 -1.602971 1.605919 41.901455 1.712326 30.533740
239 16 Car 0 0 -1.000000 -1 -1 -1 -1 1.775529 1.724470 4.191486 -7.306649 1.886516 43.200509 0.598008 0.318025
239 23 Car 0 0 -1.000000 -1 -1 -1 -1 1.520217 1.627909 3.997309 -12.898197 1.993204 47.676651 0.619039 2.436590
239 22 Car 0 0 -1.000000 -1 -1 -1 -1 1.538350 1.669572 3.940595 1.106343 1.625652 62.306108 1.715780 3.039041
240 18 Car 0 0 -1.000000 -1 -1 -1 -1 1.457711 1.597972 3.531185 -3.470119 1.651384 19.557279 1.609557 94.321512
240 21 Car 0 0 -1.000000 -1 -1 -1 -1 1.603705 1.708541 4.008849 -1.823105 1.571230 38.911700 1.680038 44.572341
240 23 Car 0 0 -1.000000 -1 -1 -1 -1 1.520217 1.627909 3.997309 -12.944482 1.998658 46.174363 0.619146 2.436590
240 22 Car 0 0 -1.000000 -1 -1 -1 -1 1.539659 1.672498 3.864566 0.786605 1.621383 59.174574 1.677259 3.762937
241 18 Car 0 0 -1.000000 -1 -1 -1 -1 1.430232 1.584866 3.547447 -3.523313 1.650457 16.594319 1.598064 98.318429
241 21 Car 0 0 -1.000000 -1 -1 -1 -1 1.524323 1.691477 3.794939 -2.018623 1.617416 35.811356 1.693131 44.829623
241 23 Car 0 0 -1.000000 -1 -1 -1 -1 1.513546 1.636185 3.987621 -12.879771 1.924189 44.830673 0.646991 18.718969
241 22 Car 0 0 -1.000000 -1 -1 -1 -1 1.492889 1.701728 4.108075 0.686451 1.648151 56.215821 1.777329 2.083751
242 18 Car 0 0 -1.000000 -1 -1 -1 -1 1.452427 1.581226 3.528062 -3.534967 1.664068 13.632012 1.596913 124.257974
242 21 Car 0 0 -1.000000 -1 -1 -1 -1 1.582030 1.666606 3.822784 -2.218891 1.640658 32.796599 1.663569 50.967998
242 23 Car 0 0 -1.000000 -1 -1 -1 -1 1.513546 1.636185 3.987621 -12.920642 1.923818 43.415282 0.646309 18.718969
242 22 Car 0 0 -1.000000 -1 -1 -1 -1 1.454128 1.747358 4.204153 0.362053 1.608667 53.347011 1.808718 9.616051
243 18 Car 0 0 -1.000000 -1 -1 -1 -1 1.424063 1.575396 3.541573 -3.611305 1.643503 10.723190 1.575442 97.534392
243 21 Car 0 0 -1.000000 -1 -1 -1 -1 1.574302 1.676661 3.819204 -2.375414 1.648999 29.839246 1.672441 47.937464
243 24 Car 0 0 -1.000000 -1 -1 -1 -1 1.504400 1.588227 3.777621 -6.200443 1.741347 42.983460 1.406341 4.829412
243 22 Car 0 0 -1.000000 -1 -1 -1 -1 1.508251 1.714904 4.007109 -0.116731 1.544467 50.425806 1.707996 9.325585
244 18 Car 0 0 -1.000000 -1 -1 -1 -1 1.447368 1.557607 3.513065 -3.622303 1.680352 7.823428 1.569047 111.459714
244 21 Car 0 0 -1.000000 -1 -1 -1 -1 1.576808 1.674189 3.848764 -2.541928 1.675334 26.868157 1.660275 65.833931
244 25 Car 0 0 -1.000000 -1 -1 -1 -1 1.478692 1.643334 3.738339 -7.026480 1.748040 35.975708 0.835269 28.599723
244 24 Car 0 0 -1.000000 -1 -1 -1 -1 1.504399 1.640399 4.043645 -7.076010 1.717189 40.663081 0.010533 0.529377
244 22 Car 0 0 -1.000000 -1 -1 -1 -1 1.466500 1.670962 3.917803 -0.419036 1.614754 47.365018 1.738774 7.103441
245 18 Car 0 0 -1.000000 -1 -1 -1 -1 1.447368 1.557607 3.513065 -3.709076 1.683376 4.852208 1.567269 111.459714
245 21 Car 0 0 -1.000000 -1 -1 -1 -1 1.567098 1.705672 3.908839 -2.735652 1.642349 23.887479 1.637126 64.806579
245 25 Car 0 0 -1.000000 -1 -1 -1 -1 1.544331 1.687954 4.215493 -7.412341 1.776393 34.626266 0.705031 47.318158
245 22 Car 0 0 -1.000000 -1 -1 -1 -1 1.465599 1.686188 4.187315 -0.793579 1.601441 44.662479 1.764390 15.392572
246 21 Car 0 0 -1.000000 -1 -1 -1 -1 1.592264 1.694744 3.878726 -2.881549 1.647438 20.881737 1.636688 85.151498
246 25 Car 0 0 -1.000000 -1 -1 -1 -1 1.527717 1.685112 4.216418 -7.485969 1.715063 33.207478 0.696578 31.636492
246 26 Car 0 0 -1.000000 -1 -1 -1 -1 1.497093 1.660179 4.205335 -13.200327 1.939066 38.018700 0.583249 16.862491
246 22 Car 0 0 -1.000000 -1 -1 -1 -1 1.446306 1.779818 4.305136 -0.998271 1.564541 41.735778 1.725137 15.426363
247 21 Car 0 0 -1.000000 -1 -1 -1 -1 1.599159 1.673709 3.811567 -3.030697 1.652790 17.925123 1.637406 102.942521
247 25 Car 0 0 -1.000000 -1 -1 -1 -1 1.699495 1.694322 4.164487 -7.634457 1.697110 31.849138 0.695482 29.434548
247 22 Car 0 0 -1.000000 -1 -1 -1 -1 1.431269 1.731022 4.105336 -1.366632 1.620500 38.759739 1.716514 18.519706
247 26 Car 0 0 -1.000000 -1 -1 -1 -1 1.536675 1.660397 4.166399 -13.373825 1.997771 36.472540 0.565697 34.188374
248 21 Car 0 0 -1.000000 -1 -1 -1 -1 1.597821 1.645091 3.824625 -3.137260 1.686493 14.962344 1.612205 106.481211
248 25 Car 0 0 -1.000000 -1 -1 -1 -1 1.750571 1.670124 4.082030 -7.654567 1.889318 31.296649 0.523794 1.667726
248 22 Car 0 0 -1.000000 -1 -1 -1 -1 1.450949 1.792523 4.250335 -1.699732 1.706555 35.927541 1.684682 37.661813
248 26 Car 0 0 -1.000000 -1 -1 -1 -1 1.540894 1.657702 4.183951 -13.471843 2.043647 35.173623 0.521921 33.185036
249 21 Car 0 0 -1.000000 -1 -1 -1 -1 1.596495 1.659876 3.756148 -3.229758 1.707534 12.041426 1.622380 118.241315
249 22 Car 0 0 -1.000000 -1 -1 -1 -1 1.471494 1.747885 4.150614 -1.919608 1.738830 33.003001 1.703086 29.325645
249 27 Car 0 0 -1.000000 -1 -1 -1 -1 1.492080 1.616881 3.795073 -7.620244 1.819042 34.159730 0.270997 0.036093
249 26 Car 0 0 -1.000000 -1 -1 -1 -1 1.521586 1.658668 4.206399 -13.566647 2.063602 33.808632 0.499253 34.098784
250 21 Car 0 0 -1.000000 -1 -1 -1 -1 1.613802 1.663170 3.833564 -3.315397 1.696711 9.172039 1.609242 121.790948
250 25 Car 0 0 -1.000000 -1 -1 -1 -1 1.534400 1.637679 3.911860 -7.752665 1.803604 27.904188 0.687991 22.823507
250 22 Car 0 0 -1.000000 -1 -1 -1 -1 1.383856 1.737864 4.197752 -2.199323 1.703345 30.116039 1.682797 43.874748
250 27 Car 0 0 -1.000000 -1 -1 -1 -1 1.448659 1.632420 4.070716 -7.727435 1.801992 32.804400 0.128697 17.590564
250 26 Car 0 0 -1.000000 -1 -1 -1 -1 1.519300 1.615046 3.866336 -13.514558 2.247131 32.502713 0.400640 8.354160
251 21 Car 0 0 -1.000000 -1 -1 -1 -1 1.615175 1.619604 3.692423 -3.365987 1.690454 6.321416 1.603762 97.488863
251 22 Car 0 0 -1.000000 -1 -1 -1 -1 1.363236 1.741470 4.047890 -2.421886 1.652646 27.165050 1.670195 62.146069
251 25 Car 0 0 -1.000000 -1 -1 -1 -1 1.670476 1.718951 4.342623 -7.918756 1.720186 26.691749 0.686520 70.216628
251 27 Car 0 0 -1.000000 -1 -1 -1 -1 1.461421 1.644764 4.092332 -7.809622 1.728476 31.453221 0.108078 27.203379
252 28 Car 0 0 -1.000000 -1 -1 -1 -1 1.501683 1.555441 3.732884 -12.383785 4.217223 20.849024 0.062712 1.385380
252 22 Car 0 0 -1.000000 -1 -1 -1 -1 1.372903 1.760877 4.285778 -2.692729 1.576547 24.389669 1.657853 72.913480
252 25 Car 0 0 -1.000000 -1 -1 -1 -1 1.656240 1.722816 4.334015 -7.925091 1.565259 25.387238 0.676557 70.481887
252 27 Car 0 0 -1.000000 -1 -1 -1 -1 1.456646 1.641901 4.085325 -7.897596 1.620883 30.281759 0.174253 16.432885
252 26 Car 0 0 -1.000000 -1 -1 -1 -1 1.511819 1.640431 4.151932 -13.681835 1.843871 29.831889 0.563350 42.924192
253 22 Car 0 0 -1.000000 -1 -1 -1 -1 1.382428 1.747535 4.196469 -2.876938 1.550184 21.462121 1.656019 82.285908
253 25 Car 0 0 -1.000000 -1 -1 -1 -1 1.663939 1.676592 4.067239 -7.904312 1.507219 24.008048 0.687111 88.338178
253 27 Car 0 0 -1.000000 -1 -1 -1 -1 1.461445 1.635449 4.058614 -7.940480 1.553917 28.948060 0.156115 25.487007
253 26 Car 0 0 -1.000000 -1 -1 -1 -1 1.478898 1.627286 4.107048 -13.700582 1.692664 28.421561 0.503803 47.296423
253 29 Car 0 0 -1.000000 -1 -1 -1 -1 1.506619 1.689428 3.425110 21.210510 -1.091102 64.392810 2.211433 0.100186
254 22 Car 0 0 -1.000000 -1 -1 -1 -1 1.354808 1.747773 4.150455 -3.078152 1.559852 18.598653 1.642954 95.760339
254 25 Car 0 0 -1.000000 -1 -1 -1 -1 1.659240 1.697632 4.240349 -8.013341 1.487829 22.766607 0.673307 87.306495
254 27 Car 0 0 -1.000000 -1 -1 -1 -1 1.473562 1.628681 4.046720 -8.050324 1.521681 27.678003 0.154462 28.038407
254 26 Car 0 0 -1.000000 -1 -1 -1 -1 1.503142 1.656646 4.191504 -13.915583 1.705943 27.245511 0.485539 43.637929
254 29 Car 0 0 -1.000000 -1 -1 -1 -1 1.470549 1.675923 3.659501 21.313381 -1.045262 63.303284 2.200983 0.015003
255 22 Car 0 0 -1.000000 -1 -1 -1 -1 1.372776 1.704881 4.104489 -3.219435 1.583874 15.780093 1.637912 101.211487
255 25 Car 0 0 -1.000000 -1 -1 -1 -1 1.667376 1.707226 4.274003 -8.105707 1.525658 21.577707 0.693327 98.905045
255 27 Car 0 0 -1.000000 -1 -1 -1 -1 1.506942 1.622398 3.844173 -8.046220 1.539294 26.411533 0.142690 25.049738
255 26 Car 0 0 -1.000000 -1 -1 -1 -1 1.460649 1.625575 4.136309 -13.913738 1.638642 25.969202 0.545689 53.232656
256 22 Car 0 0 -1.000000 -1 -1 -1 -1 1.351157 1.720323 4.199046 -3.370051 1.612784 13.034232 1.606907 109.370704
256 25 Car 0 0 -1.000000 -1 -1 -1 -1 1.584174 1.691978 4.251363 -8.128271 1.497165 20.290460 0.672205 92.017585
256 27 Car 0 0 -1.000000 -1 -1 -1 -1 1.465933 1.639711 4.122983 -8.565317 1.485076 25.378327 0.268800 16.090153
256 26 Car 0 0 -1.000000 -1 -1 -1 -1 1.502284 1.631949 4.066376 -13.911039 1.687939 24.670419 0.490700 53.558521
257 22 Car 0 0 -1.000000 -1 -1 -1 -1 1.365683 1.699357 4.160290 -3.454493 1.634338 10.253780 1.608159 124.914364
257 25 Car 0 0 -1.000000 -1 -1 -1 -1 1.597820 1.706538 4.366807 -8.165814 1.486063 19.083336 0.670150 88.069305
257 27 Car 0 0 -1.000000 -1 -1 -1 -1 1.469935 1.617751 3.995500 -8.309990 1.531209 24.062487 0.139335 18.479105
257 26 Car 0 0 -1.000000 -1 -1 -1 -1 1.521404 1.638353 4.032694 -13.920506 1.714207 23.444998 0.552921 68.704631
258 22 Car 0 0 -1.000000 -1 -1 -1 -1 1.369330 1.697500 4.259380 -3.521574 1.652972 7.552351 1.602669 107.290124
258 25 Car 0 0 -1.000000 -1 -1 -1 -1 1.575378 1.693056 4.322701 -8.149159 1.440798 17.878414 0.668903 80.094215
258 27 Car 0 0 -1.000000 -1 -1 -1 -1 1.431598 1.638586 4.132477 -8.361999 1.543152 22.900441 0.119362 37.427138
258 26 Car 0 0 -1.000000 -1 -1 -1 -1 1.465946 1.623909 4.120921 -13.990601 1.663801 22.233530 0.483947 69.763198
259 22 Car 0 0 -1.000000 -1 -1 -1 -1 1.369330 1.697500 4.259380 -3.677792 1.666242 4.828881 1.599495 107.290124
259 25 Car 0 0 -1.000000 -1 -1 -1 -1 1.729122 1.680381 4.074652 -8.113763 1.664328 16.620335 0.689234 122.572769
259 27 Car 0 0 -1.000000 -1 -1 -1 -1 1.469913 1.646914 4.089496 -8.371854 1.571865 21.802885 0.157817 48.169264
259 26 Car 0 0 -1.000000 -1 -1 -1 -1 1.462271 1.610527 4.009124 -13.968425 1.706150 21.020184 0.495270 65.774594
260 22 Car 0 0 -1.000000 -1 -1 -1 -1 1.369330 1.697500 4.259380 -3.804271 1.687952 2.175871 1.596324 107.290124
260 25 Car 0 0 -1.000000 -1 -1 -1 -1 1.601345 1.666596 4.115641 -8.076537 1.511129 15.412137 0.702088 126.130259
260 27 Car 0 0 -1.000000 -1 -1 -1 -1 1.479778 1.673907 4.250431 -8.469528 1.584524 20.593657 0.094414 58.721479
260 26 Car 0 0 -1.000000 -1 -1 -1 -1 1.446344 1.595128 3.940321 -13.956891 1.720228 19.812184 0.493024 71.515999
261 25 Car 0 0 -1.000000 -1 -1 -1 -1 1.630077 1.665184 4.090997 -8.047083 1.615548 14.228897 0.697989 129.780171
261 27 Car 0 0 -1.000000 -1 -1 -1 -1 1.498422 1.676780 4.247492 -8.528684 1.613475 19.543969 0.119205 76.177976
261 26 Car 0 0 -1.000000 -1 -1 -1 -1 1.454377 1.600972 3.964454 -13.977079 1.750238 18.658353 0.533339 82.098037
262 25 Car 0 0 -1.000000 -1 -1 -1 -1 1.603489 1.671312 4.170344 -7.970854 1.604813 13.020669 0.720995 120.691553
262 27 Car 0 0 -1.000000 -1 -1 -1 -1 1.456813 1.650804 4.209172 -8.564221 1.630601 18.406347 0.074478 71.375804
262 26 Car 0 0 -1.000000 -1 -1 -1 -1 1.451868 1.606661 3.918374 -13.934048 1.752299 17.589228 0.581643 52.934947
263 25 Car 0 0 -1.000000 -1 -1 -1 -1 1.582866 1.666724 4.142381 -7.914520 1.606643 11.837316 0.720332 146.031407
263 27 Car 0 0 -1.000000 -1 -1 -1 -1 1.524663 1.687084 4.289262 -8.632226 1.605151 17.367738 0.092115 78.873172
263 26 Car 0 0 -1.000000 -1 -1 -1 -1 1.451868 1.606661 3.918374 -13.941056 1.763536 16.521839 0.578581 52.934947
264 25 Car 0 0 -1.000000 -1 -1 -1 -1 1.591659 1.677977 4.173592 -7.795465 1.585105 10.650899 0.757346 87.616576
264 27 Car 0 0 -1.000000 -1 -1 -1 -1 1.530201 1.659695 4.146173 -8.525100 1.622535 16.315573 0.085705 95.091796
264 30 Car 0 0 -1.000000 -1 -1 -1 -1 1.463161 1.719193 3.630364 19.169487 -0.922383 52.723870 2.134025 0.033993
265 25 Car 0 0 -1.000000 -1 -1 -1 -1 1.534748 1.663386 4.043065 -7.571202 1.582502 9.413185 0.725125 53.002785
265 27 Car 0 0 -1.000000 -1 -1 -1 -1 1.503728 1.643373 4.100644 -8.505309 1.645020 15.259327 0.091661 100.031097
266 27 Car 0 0 -1.000000 -1 -1 -1 -1 1.471248 1.624587 4.047211 -8.507737 1.663107 14.259750 0.088500 117.440149
267 27 Car 0 0 -1.000000 -1 -1 -1 -1 1.455015 1.622829 4.084337 -8.536476 1.673895 13.244452 0.053463 108.705887
268 27 Car 0 0 -1.000000 -1 -1 -1 -1 1.457009 1.632504 4.130485 -8.525923 1.702909 12.344325 0.054224 112.747947
269 27 Car 0 0 -1.000000 -1 -1 -1 -1 1.463886 1.638239 4.131095 -8.548996 1.729798 11.435300 0.047794 80.441822
270 27 Car 0 0 -1.000000 -1 -1 -1 -1 1.463886 1.638239 4.131095 -8.554431 1.737594 10.507722 0.046690 80.441822
271 27 Car 0 0 -1.000000 -1 -1 -1 -1 1.463886 1.638239 4.131095 -8.516041 1.745338 9.666729 0.048195 80.441822
271 31 Car 0 0 -1.000000 -1 -1 -1 -1 1.400917 1.699702 3.643217 18.911991 -1.020763 46.182243 2.192455 0.105813
272 27 Car 0 0 -1.000000 -1 -1 -1 -1 1.463886 1.638239 4.131095 -8.456488 1.759570 8.874860 0.051295 80.441822
272 31 Car 0 0 -1.000000 -1 -1 -1 -1 1.447915 1.736402 3.773401 19.088428 -1.024956 45.504044 2.230676 0.210820
273 27 Car 0 0 -1.000000 -1 -1 -1 -1 1.463886 1.638239 4.131095 -8.384419 1.790731 8.115995 0.056961 80.441822
273 31 Car 0 0 -1.000000 -1 -1 -1 -1 1.437854 1.685913 3.669198 19.508842 -1.020836 44.426565 2.224068 0.111199
274 31 Car 0 0 -1.000000 -1 -1 -1 -1 1.436719 1.698586 3.784909 19.885872 -1.026485 43.548273 2.215728 0.125082
275 31 Car 0 0 -1.000000 -1 -1 -1 -1 1.433875 1.725141 3.793580 20.711721 -1.048875 42.438601 2.238633 0.034913
276 31 Car 0 0 -1.000000 -1 -1 -1 -1 1.408627 1.709207 3.632960 21.305861 -1.028247 41.279032 2.212999 0.265802
332 39 Car 0 0 -1.000000 -1 -1 -1 -1 1.523777 1.603504 4.006815 29.578112 1.864710 69.540955 2.083564 0.016723
333 39 Car 0 0 -1.000000 -1 -1 -1 -1 1.591265 1.630662 3.962384 27.649880 1.787516 69.152374 2.154986 0.033674
337 40 Car 0 0 -1.000000 -1 -1 -1 -1 1.538777 1.609620 4.145409 19.741879 1.743099 68.074040 2.024430 0.355007
338 40 Car 0 0 -1.000000 -1 -1 -1 -1 1.531988 1.616714 4.064707 18.776042 1.802158 67.015521 1.996846 0.102599
341 40 Car 0 0 -1.000000 -1 -1 -1 -1 1.539279 1.640208 4.121852 12.588701 2.192304 65.619063 1.909108 0.113225
342 40 Car 0 0 -1.000000 -1 -1 -1 -1 1.547142 1.632335 4.108222 10.527247 2.142522 65.114630 1.873959 0.023317
343 40 Car 0 0 -1.000000 -1 -1 -1 -1 1.516765 1.657997 4.133957 8.670122 2.221444 64.339632 1.819365 0.059927
344 40 Car 0 0 -1.000000 -1 -1 -1 -1 1.586979 1.671934 4.151166 7.485179 2.184396 63.181192 1.821287 0.130597
345 40 Car 0 0 -1.000000 -1 -1 -1 -1 1.520594 1.675783 4.134031 5.345922 2.144232 62.529216 1.736520 0.142892
345 41 Car 0 0 -1.000000 -1 -1 -1 -1 1.502010 1.680413 3.911222 12.190820 2.489826 71.053120 1.883271 0.035870
348 41 Car 0 0 -1.000000 -1 -1 -1 -1 1.466438 1.635616 3.997407 5.262619 1.696927 65.432413 1.659620 0.024875
